-0.4996559486431696 -0.8700490810709082 -1.9357546109098078 -1.4908062820015346 -0.20027166450444803 -0.6695492683569452 -0.766856719850336 1.8494403078551254 -5.513077030991476 4.34727280653601 -0.19654429644947044 -4.117199315863988 -4.849827172096174 -2.633410562992961 1.7598884733629794 0.3206117045253331 -0.6043395690053173 -3.098708328652059 3.167888718852451 -0.06968532411403555 
0.010530000486127622 0.7803572197874161 -1.829955787785396 -0.8295975371905956 -0.7531608983357619 0.18287415938393567 -0.747691524848623 -2.3306872786695427 0.48202227320507074 -0.30155971522105685 -0.7972932322076207 -0.45680499181269696 0.6810744580726941 -0.4116709900455259 1.78418892574355 -0.32148209493095103 -1.33778649222401 -1.8635466132877438 1.2306143970310888 2.347160182381225 
-1.094860772491969 -0.32514476862546743 0.10656284469787805 5.128453557553616 -0.27194107455129773 0.30167213897004647 -2.3886354877852067 -4.985550771577583 8.11685414190385 -2.735766809938095 -3.5178448541321408 5.312123390947568 4.0186636567334615 0.2716753579647349 -0.1944881043668277 -0.6062160121251883 -2.7237292632740377 3.1821203013376476 -1.891043241681828 3.066282348566164 
-1.7736521136342591 -1.8618315547388917 -0.6690323071230307 0.005322729198750362 -0.2939537272131326 2.0994053658843934 0.4236207384337937 0.41249073870293257 -3.033822538867675 0.5024720481800463 0.24985087408322376 -2.886759615597067 -4.114622555362382 -0.9242934620702522 1.2130007657291848 0.30302622574546423 0.14594029513067186 -0.7485200861725189 0.7429822251302839 -0.016747402918561652 
-0.3931666433370737 0.4108778844457218 -0.5670423778352883 -0.4061235008271811 -1.8405632334959459 -0.902259796423439 -0.49266630804837547 0.6001384807862402 0.16658635202491942 0.9282672389297187 0.12308989152809845 -1.2310917347063057 0.6522850825062837 -0.2047872763942427 2.8630918297451307 -0.3067780212236076 -0.24425504185970004 -0.6098250530876128 0.1939793692750296 2.432555697788148 
1.6240518016712269 3.1974795836114067 -1.0335568069323793 1.921315619960883 0.10097835119583512 -0.8966001074771328 0.5089791426812977 -2.8727222497209888 3.267964307573981 -0.5700376431012161 -3.397214444423968 4.691251406771068 2.196140678906255 -0.36651083171296267 0.9017345444812516 0.7749558188353979 1.071987194212671 0.4205295801414861 -1.283388728219227 1.528979437557827 
-0.7593384266356872 -2.7321604439372544 0.08180801610756212 0.8345568703311846 -1.0566282629613188 2.2216953119929026 0.3427635316932333 -0.8202720074365435 -2.676797410902706 0.6645726396774426 1.2442531485088428 -2.94566983670819 -2.9066536456774164 -0.12159573727243866 0.7494232414757701 -0.009459568917536642 -0.6842705715593932 0.8405680351647331 -0.03515424525774109 0.4291756980196338 
-1.2665963640786817 -0.23979349594803281 0.3478540557404382 0.5048664123776738 -1.4154736241863604 -0.24832006670536994 -1.2437377497049666 -0.40462261047026127 -0.16549139018805564 -0.16393535823909489 -0.7059325539459593 -0.3021162999254601 0.604922783491512 0.5193285351431172 1.4852293735065056 -0.2936426602658744 1.9689041152775495 -0.3384272863900017 -0.3765364990848141 0.2755241087341455 
0.9711840968388066 2.7779397610266248 1.0749932152940076 2.0442906828602188 0.048830450757779656 0.24029450936466687 0.26676536687841085 -0.9775700954256511 3.413673213871565 -0.5769285765320528 -3.316919360806244 5.340008279270256 2.5303420763730182 0.6200397497536396 0.9820560372416935 0.5855086421581353 1.5971838044736653 0.7841854346915924 -1.8006890940012519 1.0041912693962682 
0.5420733947572559 -1.360925236733224 0.11474666230756775 -0.34556105516223956 -0.5393180487871463 2.0816590006113804 -0.32980515937087224 0.8080782471405092 -3.067119839760013 0.5161844903011715 0.44331358901700973 -1.9450860919993909 -3.5402447444388767 -0.8908446282245265 2.2469330051240584 -0.8651572060608888 1.0439010381060523 0.23784312839816732 -1.0596590538569137 -0.045411255069062455 
-0.9170615418071778 -0.8444428932249037 1.8624960401857615 -1.4011073421602307 -2.235262695378146 -2.3024928565188154 -0.9579403110387613 0.3423573005111758 0.2994052114322476 0.0851902397550001 -2.0422478029127187 -0.6983850024102752 1.1912895081477701 -0.731806954332693 0.5382386489358675 -0.8510995175136303 1.1770298841495193 0.2694272035026697 -0.40985580810750133 0.7867801269049468 
0.6851728696804179 2.5257264832836364 1.6458377744823975 -0.11554613728143641 -0.8605529280691686 -0.7272434271389758 -0.3142373598686925 0.5717998295114318 1.8093748367445814 0.2001464886610167 -2.6790615943656326 4.782270682274254 2.1981853240313804 -0.5486411379355227 1.4750885185292495 0.4116770572477103 2.454427330555443 -0.019615176883589974 -0.14857082958380755 2.0552223467042934 
-0.5750885754927423 -1.56040943724346 -0.0623876626211538 0.9145784130898637 -1.1917224269287767 1.565453775325607 -0.059859371527137974 0.008624158215817086 -0.6059850987878317 -0.23902255711322526 0.9253126173250683 -2.60852757541381 -3.735616067641697 -1.220470929473723 2.3967719940634176 0.43688848549013115 1.7009643511956412 1.5348567161440247 0.7711030783845327 -0.18158624944342167 
0.33675658284063853 -0.14195872353606545 1.1447965970787657 -0.5310230333685101 -0.6925893087396742 -0.8982553804947139 0.17963399226465127 -0.557993205420071 0.4685773634142827 1.3961727258335308 -1.1538215572869774 0.4689389951275718 1.3777882485991497 -0.7062404318582333 2.3037370596237166 0.39426275061708554 1.0800184323347035 0.13667984412495235 0.6139741565871424 0.0942399402449182 
0.40278904222541567 3.0697201353496997 0.42849698560941596 -1.6836529011007788 0.073164734418511 -0.18454428436242531 -0.10556369668316512 -0.5055775041544419 2.4339013038819344 0.3089299634062422 -4.360527430420845 6.161059411235923 1.7672634708609558 -1.3746355250386966 0.9921481618209758 0.3337158030591081 1.9372976765357866 0.693707413555344 0.7971741427896819 0.8239087503321529 
-0.5781683674673863 -2.6318928931654004 -1.3550161638372171 0.5024632145610666 -1.0315852086186532 1.2346372592201549 0.6063919727632491 -1.7502359134276333 -1.6412734634509303 0.8197627849198491 0.4689821234774595 -3.2593088290811276 -2.9946568046325854 -0.5640729673505778 2.3692618005029615 0.8189976829991166 0.19387266065131017 1.1809457718114527 0.2993208854945762 -0.34569344463188006 
0.13905091754418228 -1.1852954037240087 0.07445274441434976 -0.7218531290296946 -0.9063152650042701 -1.1357117485472994 -0.16181715051933543 0.46775581645858255 1.3712801242083374 0.23269642612372426 -1.171694360253289 -0.35581095448388567 1.3741658331773503 -0.4454537989697985 2.278114298471622 -0.8549587563251065 0.10136798963858773 0.4936650048439165 0.7533657181822783 0.9489794475892311 
-0.5178836648495014 5.183565390748178 -0.6680363310036807 -1.0142826900285602 0.3621700986767846 -1.4760622690757352 0.3466177280380305 0.6678210825741496 2.8834680443573713 0.4600764218390742 -2.4052843298242053 4.347234475388174 1.9538084949147918 -0.8722734896335786 1.501128421844383 1.2320619938231665 0.9582205963062829 -0.536788548882752 1.2897325702896132 1.3217631405813197 
0.030183748682711266 -3.2871198394986614 -1.3055976417527602 0.3451606608335073 0.022517097587724678 1.2444874974632814 -0.40570404713663727 -0.9545419915774 -1.160584563744372 0.30614957184824426 -0.13896069515427223 -3.887059334866178 -2.429518816423886 -0.6359348699945824 3.0727834925921074 -0.4715143493333061 -1.0925053671198899 1.9336374195825283 -1.575190898690326 -0.8541697598554454 
-0.24443721024192658 -1.0374247338961124 -0.47320016613544746 0.6364736388028928 -0.594343402141726 -1.343322324909616 0.562783827924645 0.8618875433233 -0.8203034871255837 -0.19369280622822396 -0.8318639122516869 -1.196073766253024 0.3164663247628342 -0.2974215909189075 1.9688104434459273 0.03519871876475462 -1.8226777623080213 1.5613832656574098 -1.1024199359109494 -0.22076065676200052 
-0.9125764498193132 2.902584636788301 -0.23359929511062694 -2.648120128664676 1.0373314094026125 0.10686982302950161 0.7641698643579448 1.8938856970931122 1.8476402019596674 -2.2241689575001127 -2.858167110035484 4.487537769366195 2.898831789477339 -0.9937570903265481 0.6772361765395052 0.6869406791929856 0.160858599699274 -1.256685903770167 -0.047969788452290614 1.3937809961100034 
-0.08882683095246476 -5.3727824271538855 -2.4035850795473297 1.9205875931763328 -1.5458751683785228 5.231640068062827 -0.47979004218808163 -1.6946391485235475 -2.9572435417659424 -2.2597413023113986 2.1511303623037565 -3.2134279977991134 -2.0122109062458025 0.7823822242612841 3.840624185857328 -0.15386046629962802 -1.326366766249673 1.8687508229986398 -3.7900359543480215 1.114873477415284 
0.36122914861692107 0.8743200862513012 -0.8870205262190326 -0.46955995696246583 -1.1230367378257071 -0.2571661355864352 0.12817622771385068 1.4270032214172528 -1.1328931849252701 0.33629763695404663 -3.0688768062709655 -1.20238918316551 0.6012093089257461 0.6941655124711035 2.263532119583614 0.20750617898916762 -1.0975731192388356 0.16034137089141393 -1.53406195067662 0.4873704495215319 
2.122357108670897 9.862846886913168 -0.3105635177069683 -4.620767427737211 -1.7856497363192687 -4.347230292179846 -0.6917285461277433 4.007950861693711 0.963100484867643 0.6408172531982693 -4.160277949666502 4.394568961108597 1.6619467834939214 -1.4381198911627295 0.7894446832921558 -0.7034580747186027 0.6079948336683436 -1.5114058489769941 3.193554624022747 1.689205232778091 
0.09073733709701255 -0.14245083367082362 -2.0778000606827995 -2.313953090966595 0.046664493369362826 -2.185493595468154 0.5159608707668145 0.14683487598026992 -1.9120768827803796 2.069475343924323 0.0007253095322431064 -1.289753039225231 -1.113751737110146 -0.568139735635966 0.6695068567747494 -0.6512831743132562 -0.976215600813133 -1.9899330920261857 2.864605621426848 -0.13266038392015275 
-0.24574028475864926 -1.0971027724982816 -2.589459958516793 0.2006665945332961 1.1125977982718562 -0.03833301594523568 0.02671042272218737 -1.114540791947517 0.4243167118107455 0.3826834435085521 0.3706819617104595 0.28139971596088126 0.6107910251148903 -0.8254977943719571 0.9271194829714199 -0.3914705444185432 -0.7567052247136105 -1.1005962682496755 1.2483912977873601 0.7107287425093815 
1.553379238066695 -0.7306765765564938 -0.21510336928725762 3.0388932097800665 0.11296644625889926 2.8379334913556713 -0.01534634320049692 -1.3353424836458094 3.1017564167625635 0.11739233840684861 -0.9182895181711855 1.5161835945217912 1.5559436084764906 -0.7764867850631202 -2.5997538109435934 1.6365769231463452 -2.3481002735936687 3.3865893699296437 -1.246374077050855 -1.1143450961961838 
-1.9389498315434057 -0.3439872931723152 -1.490957387140106 -0.5191187034249788 0.09199459136717053 -0.9840198464162028 -1.6281962072376945 0.5276033459879667 2.541244677406636 -2.2665173501101736 -0.7665884483782472 -1.6801507796786401 0.6060964900606229 1.1750571198182278 -0.6499195257617291 -1.1402431699364268 0.5517047873713291 -0.8032148810912018 0.05940180624948221 0.9393362269326687 
-0.288248077208362 0.37473357427469806 -0.4805213249146148 -0.5155077397521378 -0.040171140214808006 0.03451203651293903 1.1525240364903344 0.3037015084220817 0.1894116078892733 -0.7286284644089924 -0.014416175000790692 -2.519577437969482 0.6647483505296311 -1.0537200012782806 0.38245308822823926 0.15752083749385817 -0.698023595700851 -1.1813106723569706 -0.4198923884972298 -0.41535818433170385 
0.44294991612753326 0.7044178191987059 0.4111988863564405 1.287145623933255 1.059460342079048 0.0652471139345413 0.9016445738939948 -0.36226951018915926 0.6586140335028898 1.0435760545025237 -1.2991107308286614 1.097150342444349 -1.691782809138979 -1.8600665364658147 0.7456702623147047 0.9293211562452621 0.05915951402728273 0.44649996458018926 -0.3879570043018025 -1.4693641432356428 
0.34263524483731544 0.6574237300112471 -1.2806909836174905 -1.6057590554704422 -0.4729039991041589 -2.7332425964378886 0.05159290339824514 -0.18190957217221676 -0.7187177722552652 -1.4698897511629332 0.9979376920864166 -0.9217518796303285 -1.3683147428755174 1.1118196422181557 0.3665368297672675 0.4343044035354096 0.9945468312880251 0.8173519338821276 -0.8485641963852988 0.4555614705543845 
0.12826527833992146 -0.13787965144928818 1.371480891968299 -0.2706765226550991 -0.01489734917687849 -1.1925756168577841 1.5695055614943796 1.2811233300167648 0.1129220747740484 -0.03761490363427637 -0.9133854901800627 -1.1900857735791135 0.10349848919144106 1.274004109764341 0.372091220707412 -0.3055555776823348 1.8031184321521616 -0.06800334872442353 -0.05790350619446631 -0.8224418418240041 
-0.2714656825681686 0.7122880451873801 0.6675871875179978 0.37109757467951154 1.068345872529298 1.8135208263508311 1.6539061935552994 -0.2098635016279515 1.9483092563155604 0.13247235214917696 -1.5249463241890802 0.7483080094376162 -1.0370459737550322 1.3264930689712657 -0.8386522070635168 0.5699289778935718 1.153259957922133 -0.01830695150697692 -1.0089516270915178 -1.2857016633078056 
0.12131329357462735 0.8626029664981097 -1.0377521835867685 -0.15071072882737926 -0.22137046022873647 -1.0695635575376883 0.13581499264806043 0.40621961487385233 -0.20099419445598043 -1.4575582451576508 1.1994735401145378 -1.7230501856062588 -0.2656554655568492 1.0597582182998402 0.14493509702814875 -0.1139650233339942 -0.19168990037408842 -0.900592267402065 0.16937671303084303 0.7371019726324135 
-0.9295442074475498 -0.7795447095244906 -0.27622415632711955 0.7012479520290453 1.011512143599574 -0.8704529215762392 -0.3062680382178279 -0.32470607959486913 0.8918828510430686 -1.011105724125904 0.8434648677077415 -1.7062749986603643 1.1229611693402852 0.19584737264410826 -0.15684341908952634 -0.9424525128009146 1.9289313732531344 -0.0948998737412613 -0.18252846135323195 -0.5635073536641939 
-0.31271904306642156 -0.8534761391925301 -0.45391726091362966 0.7379724713044311 2.8571721024976666 2.3217434664836 1.8368871855108473 0.009597192045072136 -0.013683877684319515 0.8817590481062196 -0.5066150236487181 -0.4176664492564378 -1.0313674009479974 0.6969518284730111 -0.9359904810932502 0.4668168712431024 1.6082740006005949 -1.0376798009594137 -0.7114316985382623 -1.5856678409022429 
-0.7603727889207059 1.4865518622034102 0.16195110490656506 1.055353598414133 -0.6091413050736231 -1.8909019581428943 -0.42245860835689397 -1.5445738024759748 1.637859244166588 -0.8771859190283265 0.16814542427298643 -1.3955821775065849 -0.5311111249342907 -0.15498888448006928 -0.3084576982934659 0.4701483656565696 1.4439194158233957 0.43547580470315905 0.8938438592394452 0.294847932097332 
-0.03745999926207079 0.017385657825021376 -0.8700372041845202 -2.3048930480158285 0.7902871117645855 -1.4492675442229876 0.45513832550086153 -0.8181724970807518 -0.007317197433820287 1.0219760624933876 1.2201651877903845 -0.4129332501291773 1.4696873046959897 0.37181559892090577 0.661896781286089 -0.8282807188067607 0.9827322535944589 -0.3020002486638953 -0.9717559170191032 -0.5564400911089533 
-2.0416683439712084 0.42014185135846766 0.48132927359964467 -0.03156624307433665 0.6982104505362855 1.8742851048761935 1.2836435186079174 0.3227739204671637 -0.3005579796118724 -0.610250036181655 -2.5979243664391136 0.07876926543638531 -0.5370553417277871 0.0333985768381479 -1.4053761643950615 1.0786215247711461 0.9226900900011711 0.6578395872695687 1.0702022777111286 0.33518467855377804 
-0.43445284174860554 0.6594433179886662 -0.6625457784175947 -1.539683295210073 -1.0376089156610888 -1.3255485902485966 0.07071517778096487 -1.039369336923099 0.20850463559984125 0.4134918771338492 0.41037747167874133 -1.0720447288615487 -1.6498302501494413 -0.7611558935292286 0.034902373577374045 -0.6458461407121454 -0.06542589928095155 -0.2891131211525377 0.16653699211752004 0.08286648207850013 
0.21304122250584087 -0.5092458171027948 -0.509637083961398 0.06110702368025166 -1.3084619197583311 1.2444078766649698 0.19175588586791373 -1.2105194666958299 1.297333126371323 0.5714619010771185 0.4416514478519168 0.01434183606044215 0.33050032429683557 -0.21709585113714303 -0.5108921320687038 -0.8330981982479018 0.45467881491333534 0.08460638158616127 0.6273094914619427 -1.133084648766992 
-0.5612953843854133 1.1593734683108794 0.7427260371543309 0.061532066010160834 -0.35525378372941674 2.2699515583862 -0.17275975653754583 -0.23939405487834453 -0.1600911531002876 1.000432720206708 -0.6302860097097643 0.6401496048448032 -0.7212757307558116 -0.6191673306935304 -1.1616163707477065 1.4012289612466642 -0.5225566155411201 0.16483298108253308 0.9826859700383821 -0.26851847190949557 
1.2673552588617498 0.6139784327115198 0.05618565617816837 -1.05578806405121 -0.7113234457872809 -3.8691219591301445 -0.2181796002363449 0.04800461996576241 1.5917112722478606 -0.17761566057608297 -0.097385565114576 -0.57831427783122 -1.8870836212450515 -1.2725332520793344 0.4754494846981801 -2.140632644230289 -0.44764664334383525 0.5359189890913175 -1.6721949276174999 1.7157773480148952 
-0.545806880501973 -0.0501542476023237 0.2660847383128717 0.28297954947851794 0.6275423166278261 0.4451028042784281 0.535272542657208 -1.7645204266744807 -0.31010659197492807 -0.30191937441210015 0.47429578861584454 -0.28908416824087957 0.6659302897240403 -0.5398787503883135 0.18310602041472238 -0.7060041802443743 -1.3149606675471817 0.4756360422354588 -0.8358437907970753 -0.5204040022644985 
-1.8647439004483966 1.3347285743967452 0.685311933014128 -0.573927704103397 1.072043833026491 1.5614218014981682 -0.3129404481749908 0.9132905609238458 0.651003553513026 0.4582995598471074 -1.4714644299365682 0.6537467978475034 0.32281000873018145 -1.617923337239089 -1.203903636873275 1.7236693299625725 -0.26402269010177454 0.6755282213280693 -0.19312663874674144 -0.5914475657075318 
0.236549327611652 -4.3924573804940605 -1.46559026387704 1.3546880055367916 -1.147428348107145 2.9051117263792507 -0.5924055920880714 -2.162714456410717 1.3637922171692562 -1.8437486748549647 -0.7576198708510535 -1.4418816797761285 1.002962702658562 -0.17015341327479822 -0.017510890160947493 -0.9941772947712498 -0.4754336881821591 0.1296154344126857 -2.7885334186419453 0.5947670140512687 
1.0253696356764546 -0.4275762546406 0.13189200523311764 1.1237045827791452 -0.0170654198586817 -0.7029006741187476 1.0281427967521126 1.2890766010973713 -1.6276168651033556 0.34339500405868434 0.4184094411287687 0.11953218080528873 0.40878757059951565 -0.31012724308989853 -0.15179084680149108 0.0017424121273234602 -1.0425052278769176 1.0816422912992734 -2.0695380782158166 0.5196342591712088 
0.12375161670364326 5.761743685321191 -0.07989095368136308 -2.471496636855092 -0.054029831515406385 -0.250223973367224 0.46743580204360036 5.1916098365575705 -1.1515727004026057 0.8303643329694406 -0.9012356089612681 2.107053396408798 1.1249774041708633 -2.087510099784143 -1.2855685956824785 0.2525780475268151 -0.9989314874100689 -1.1087016020333567 3.4898147307414717 -0.33918516126056497 
0.5070973125617643 0.5558002801444981 -1.4941993085513163 -3.296250031741314 -0.5669254732575414 -2.4344598544236473 0.22016188566828984 -0.4046620296297684 -2.6174053423097257 0.7828211937513084 1.0653224280499725 -0.6308896754119073 -1.3792184088001647 -0.29445015367774346 -0.5488245943757101 -0.13239704141592853 0.21747436081898372 -2.0793508412371016 3.565855535739869 0.11714452220446328 
0.45571651014875336 -2.2769158380728496 -0.6619139594290534 0.4501745667121151 0.11168802188047684 1.6790865426660433 -0.013181041151995053 -1.4614609627985886 -0.36134477190980774 -0.6344951958850944 -0.4533040287297291 0.4805411957979884 1.0859248992735584 -0.8931692603769739 0.2004794847651554 -0.2901070973006035 -2.9645169217056355 -2.2310561491111995 1.107202063924265 0.38211076151337614 
-0.011008823367417618 0.24795962360026658 1.2450001593628839 5.1736316266011695 0.7572224942404201 0.619405946939198 -1.4617220955053996 -2.5716478354525267 4.8243128810935065 -0.3430535386279435 -1.6858021606389404 0.7632841415076379 1.0352215114449463 -1.206171216337523 -0.9422739364777284 -0.5643054464117903 -2.907639798285742 3.227925554277479 -1.5419533421951486 -0.6956922471009263 
-0.9883259631493067 0.7292336851425387 -0.635747221722443 0.11890961905103523 0.11344287254763062 -1.1101435721411284 -1.273948616783849 0.1633196376021562 0.501003837893786 -1.3796630889570627 -0.6315281293101537 -0.061957526065757405 0.28254356096045236 0.1302805300820368 -0.7210111745533845 -0.1910957398163457 -0.4268559003600026 -0.8432310947453597 0.33420446954887584 -0.9859314085622429 
-0.8157109152745862 -0.46905953195467986 -0.12945391949918794 0.3260762666792653 0.39078471921657587 0.3275991849461599 0.2479154701466084 0.2597904763434934 0.546875685663922 0.2952198769578561 -0.03292233203531805 -0.4105936147928779 0.3161330509724277 -1.068699311176556 -0.9168489880881846 0.00666434673889949 0.1343740448089163 -0.8708097545714314 0.30765710413739583 -0.3047359776183993 
-0.025244470866477166 1.0267066161382503 0.7777215690668908 0.9196703945911385 -0.11799741476029438 -1.0680673237074627 1.282081650883656 -0.5408913651227647 1.7280397069599904 0.9635162619255111 0.36990547751913416 0.7109097898687384 -0.9277958629960138 -1.4727625024563173 0.4214004432205793 -0.40167510416103136 0.8696370683985087 -0.8488753823101636 -1.2977839841825733 -1.37480744738537 
0.21289319934733536 0.6543511418522528 -0.0668056749345717 0.7996106505556768 0.8632871244335532 -0.6953323106658978 0.7158331607378494 0.6475933548358505 -1.0729257627556756 -0.6813554607451177 0.2555238882679734 -1.557661873932055 -0.9756809944448401 -0.4604867332635958 -0.09654502203102767 0.13028618623181956 1.498595843328372 -1.2744931261147152 -1.2096067570474014 -1.0024565352414363 
-1.5150417744239622 -2.8850963752586627 -0.016119925402823945 1.108043463079695 0.11300845825307801 0.30540578816934305 0.4484071233218792 0.961175471731872 -0.0656820843775172 -0.2340113958314374 -1.0693240974491043 -0.40526442669748464 0.569823576339946 1.1470413086380484 -1.48975369268919 0.556113324496499 -0.03875015460293628 -0.045251942586361865 -0.724946211355347 -0.9918473424048244 
0.5466506908481386 -0.9171445746235666 1.505223100861487 0.7098574982965398 -0.40457088353760795 -0.973562024731422 0.32336453737792953 -0.43674059239574786 1.604520549076982 -0.44976826221118904 -0.6050834674441689 0.3412943917232229 0.5121859245640826 0.7817706163466884 -0.9587010983227116 -1.0110212851799072 2.7768007956323304 -1.128130565776435 -0.26855233594783773 0.009384774929021364 
-0.09243751534793739 0.15637937596629062 -0.7258682577780321 -0.3712771212204746 -0.7165947213839423 -0.33242189045556503 -0.34040298853118733 0.4838872531250692 0.05776716958472296 -0.6295520898868995 0.5386891744884804 -1.3715254442565106 -1.9308495222908426 0.6460232269785454 -1.7232145579581517 -1.2075631622958853 -0.4600073295387964 -0.5043817692078432 -0.8736024426011101 0.7285932812286253 
-0.9852902547391309 -1.2764177160470211 -0.4874121017558986 -0.4482252816063169 0.6232082343868953 0.9139185076710481 -0.39906924462047727 -1.0204845463558885 -0.4271197437428984 -0.641692376028669 -0.579448663987025 -0.8234779115506047 -0.14040539537759847 1.15818018683732 -0.11636822935541749 -1.336381978503261 1.4956809152680324 -1.610895618656447 -1.4129809756581184 0.35474773535062143 
0.8894586509381355 -0.15495837222720305 1.9786096702792977 -2.575547673340517 -1.020663743452381 -1.4008559043043074 1.4671110961959142 0.038880377334389704 0.794721892125618 1.4168793056167126 -1.490309797427043 0.6420534006204525 0.18563135279653142 -0.5275234648805781 -1.4093339271329048 -0.7710559372892097 1.4275574207267552 -0.9770490001196207 -0.03973439429708792 -0.4226748246694238 
0.7207351372893623 -0.7347314047185723 -0.9635341706590181 0.4074869562314465 -1.038402263739733 -0.37715441811360545 0.05011265964615987 0.5031508294170783 0.4363434144169678 0.09401987113238279 -0.537338731285363 -2.0334917521519826 -1.2756529150494005 0.3265820973954648 -1.0526251582076815 0.9350892367663568 0.9189431429058872 0.6830883640389808 0.3548769272980679 0.6856620172412395 
-0.02733222683827157 0.23578233776420648 -0.9003741058961859 -0.9599425678096227 -0.519549149264281 -0.085312136343484 0.2510652271325513 -0.22328410736119642 0.9607437009048108 0.19178757455529005 1.4542400284967534 -0.35455690152390884 -0.3189362156550602 -0.7572050200542312 -1.1421063761852686 -1.291417263758164 1.0528481515916366 0.2573178680882567 0.26858794848162654 0.14577842989066078 
-0.9738651576050724 -0.3277647745594321 -0.1670838882156643 -0.511285314598485 0.5285787022893145 0.6186456683185684 0.252813402627852 -0.10900895390802409 0.30765486580724727 -0.2908024834912754 0.5152944916555833 0.1801894980257947 -1.1693240701869325 -0.48458110352902795 -2.21748981019863 0.3854160960859675 0.8883779103579713 -0.1877338308672497 -0.8030913157140288 0.19666372347285224 
-0.5741504822480041 -1.7240640526042759 -1.8039258157685643 0.5825849095461545 0.19607947146689805 -0.5685954081545317 -0.9110528168025086 -1.3806495029933257 -1.6229798534476247 -0.042641157928702995 0.5058263053937175 0.14579334396354743 -0.6324325936944692 -0.07669269784745135 -1.969145161139879 1.0214642623534282 -0.3801604292431268 1.0488128161980077 0.05989586801095631 -0.47248998510972795 
-0.274384755544983 0.32766884264749213 -0.519471998023171 -1.5451193193273387 -0.8033808647997128 0.37276344975157055 -0.9299933152056664 -1.2019272296430643 0.6496940489572112 -1.9367097007837994 -0.7616099415326443 0.33773488422436543 1.716593501475798 0.6451637873837044 -1.9946091883376178 -0.9976123566264674 1.3302687497279655 0.4524904877401867 0.6179542123063326 0.9599975374709868 
-0.6649057441197163 2.57698619359185 -0.48786228623002226 -1.9889628998134605 -0.01207730893129427 -1.4765139028418157 0.17751058350920337 0.8354199635506993 -0.011001582605197402 0.5820369304591806 -0.48170035292468083 0.5254889883127751 -1.2495962646152428 -0.8340225986951648 -0.9607133764467957 -0.6097412399761697 1.0336127957752126 0.9397825180951508 0.2783796478052499 0.03482528526004358 
0.7219654430235709 0.07746662099370694 0.09777571398739901 2.220418965357297 0.287837265832542 -1.2576507642853956 0.28366209886552757 -0.013071113734098857 -1.1670586564953007 -0.41646545609460855 0.26218757406991255 -0.6950501924749578 -1.9873154358370404 0.037254144878785256 -1.9907839319473495 -0.535737785371942 0.05051714077498471 1.373319168258934 -0.241260816615087 0.05795300269014333 
-1.107346450136748 -0.10041491342123851 -0.669498781477294 -0.6139403296960073 1.47173291230502 -0.06141252606447972 -0.9060509915131691 -2.444811193948225 -0.9974980315536134 0.06005842961889197 1.52530230686631 0.17813045441188965 -0.17936646614138266 -0.8322316850339647 -1.2744344334324214 -0.22080745000935253 -0.5234366147846349 0.2074176988826258 -0.4051581120220779 -0.5411827828002213 
-2.292555063885674 0.8124447856271624 1.2333694360807141 -0.9829612973017116 1.4798055557612855 -0.09909842569024839 -0.9237299418828151 1.2556659557781547 1.0025896803053151 -0.5428448801893767 -0.5019764318065848 0.40479491151088626 0.7477882211897979 -1.072193072624527 -1.34949593603346 -0.1044539419764328 -0.13357621857558571 -1.5837091253826663 1.282173904470582 -0.04497618114853407 
-0.014337836416026315 -3.976054159394341 -1.841964021844651 1.3044497140885511 -0.7694866513237518 1.622779963163198 0.021993933231004292 -1.2569408186405826 1.2744738100545636 -1.8017349187753724 -0.8934307313234479 1.628177923980991 1.7090230975592589 1.449170578793582 -1.2681783218074427 -1.1750465965907153 -0.9496524674786029 -0.21151050169631605 -3.1340834558360706 0.5237237522339272 
1.3089261323309176 -0.45035628755816814 -1.2139052303754951 -0.21631020649387397 -0.8694506917417913 -0.3863927123246844 0.12240886569471297 0.6102204331353279 0.12606434449847545 0.9864105322662627 0.003240840887992209 0.33982814288575336 -0.07064516184047033 -0.2893560805729748 -1.9269774281884395 -0.5692914051310746 -2.075143300050261 -0.90233849337246 -1.936616855214098 -0.3660171441330983 
0.2739573677626392 4.721226723677713 0.3736033116826579 -3.680270828288468 -0.23967140540410606 -2.070922120025191 0.01594571408735137 3.8980376432300474 -0.2637661839268277 1.1082240259831224 -1.234540291461576 0.6715889830132261 0.8720943426566516 -1.182687231755939 -4.248014367572951 0.6403578890248094 -1.2556949898113787 -3.2445425055928254 2.622834125390916 -0.648073886517782 
-0.5773687523521996 0.9917991533017149 -1.9456497557596824 -2.9127299814854597 0.06702948400381756 -3.0175756844778445 0.8413329983336758 -0.4293288392407309 -1.9525959537635587 3.2386262056456494 1.1488074138491084 -1.828559890157072 -1.409856001879467 0.48705417838956583 -1.381570195161929 0.3453416933775446 -0.42572086385356583 -1.5261733555939265 3.161445226002757 0.464454350114051 
-0.6099865279778054 -0.530378985053455 -0.9241243759838857 -0.0681622775336318 -0.15351998903659933 0.08642504577211411 -0.7205801563635666 -1.6796035256748392 1.2383764683277285 0.042021535781551454 0.8579686916015782 0.120267826762813 1.2887195057102143 1.1629585146810528 -1.352708339350796 -0.3673331229176756 -3.6121089940641755 -0.40813953827318744 0.12953525333664356 -0.40123063828845795 
-0.30625358670543673 -1.0881564410060134 -1.1859520755164616 3.430539529126514 -0.0735124905865571 2.2787178372914956 -0.45788764046639185 -4.185946406425628 3.636116592637608 -0.3183468290324057 -0.6869078951729745 -0.3405920673109932 0.39002355374564157 0.3840113926069911 -2.1366169480346717 0.44847065275693937 -3.2183024031094782 3.916885353330669 -2.4211633515183513 -0.9248406774748643 
-0.8760272131652448 -1.4849283921123515 0.8312965623542343 0.11877224877522519 0.8359274980537905 -0.7275700422079415 -0.5154514187474603 -0.5669411028803399 0.852595235788715 -0.8033213063479961 1.007915943492102 0.2759742927033386 0.9818181555490674 1.702808744047006 0.22972439162158043 -0.09857548221104197 0.6859899274116543 -1.0141005287675113 2.006882792563278 0.46915904163010475 
-0.7804598288675358 -0.9485905303502706 0.20030840550776421 0.6068858471549053 0.48397047166424995 0.09226098591155486 -0.8055004315128534 1.7767912976651319 0.4477818122607042 -0.8270567766556449 -0.44624128375732675 -0.9540308267132128 0.3250909428982763 1.9484959244236162 -2.255487143111995 0.3516446285525103 -0.3736242358335491 -0.8210790441495271 0.6013807229680547 -0.5721220719777036 
1.3279527396382629 -0.3403685038675855 -0.7365881908536396 0.2419040416556377 0.12714384506469453 0.5770929211457696 1.5957095944688744 -0.20323395262027646 -0.11152139348689982 1.8056502657153872 0.1503552022022496 -0.3112415035917113 -0.8846382471671426 -1.6421807481498027 -0.5024488219418993 -0.3933446844613546 0.7915458340808691 -1.9727530622661311 -1.562790250574497 -1.6356854034971589 
0.25746320489617874 -0.4191120673849503 -0.27340849938337797 -0.25784481890588995 -0.1325736891724013 -1.0844218368380325 -0.8833701789216835 0.6418194234146775 -0.576755376423745 -0.3897365410688689 1.6555901351384001 0.41268126438008873 -0.3767823596832314 1.0385959817656802 -1.4146381308616844 -0.04710302839353088 1.2945191300482228 -1.8985982288060113 -0.9772001709277099 0.5081985686118243 
-0.5865473381940824 -0.3050601310124172 0.13376902157985684 -0.3349111393003647 -0.16147839112816054 0.9058061218393898 -0.16774997916072618 0.9580455213590856 -0.547007769058705 -0.14326441492479147 -0.02790260175319939 -0.3046801811288616 -0.3785651122819942 0.7461508525148784 -1.8053397981153492 -0.7879988377071757 1.1941825371398287 0.0710019996776936 -0.22748949782012162 -0.04165463820261932 
0.12628247602144127 0.2676116355880085 -0.21908380842015385 -0.3790612875652967 -0.6851421974666262 -0.7394553289564014 1.494875710063317 0.10508356242019488 0.25504352563968885 1.739623817149206 -1.6831560070720626 -0.4710745545282634 0.40428099959980157 1.0968751764301008 -1.673209047201136 0.5940944252967475 1.64114263435982 -0.5748084123430593 -0.7951912468743163 -0.854726815566971 
-0.2165320439289845 0.43442173723317196 -0.8605698857677756 0.10283320588378594 -0.2107851669561196 0.3713280284486433 -0.6544735954817306 0.35799269563626707 -0.09879580857684435 -0.8330810477842394 -0.7805014705428932 -1.0492736173213197 -1.0699529373342753 0.777041163049291 -0.38102018622789996 -0.23952468717483855 -0.5163933912180633 0.13396015082155538 0.004955753159178069 2.2478154879419936 
-0.8811539159513045 -0.8963362444774894 -0.7651590631515373 -0.22078553443636478 -1.02893508191202 1.272129052803838 0.2783781214691407 -0.8782815310509974 -1.4931759330373164 -0.24811432586402582 -0.15942849820348323 -0.9314850834594619 0.2579630100697123 0.43279363469618654 -0.9387536367166087 0.46124518810817533 0.7526204582275733 -0.37159817199589934 -0.6898796370425826 0.0988732989143437 
-0.48935514372548516 0.285347846176119 0.03510492556106372 -0.6315289139402241 -1.3353189397238339 0.0823191564510442 0.23726128910336858 -1.643113381480926 -1.6432654939614466 1.361279019622689 -2.4281354538617257 1.287540625055351 1.3607862608585684 1.356024244569139 -0.760258428135405 -1.4388102354725514 1.2810744285627471 -0.34716517160269433 -1.215253957159317 0.3161806311131347 
1.4076706445657328 0.7064004388646021 -0.8353110099712895 -0.14188036627935927 0.29258494515786865 -0.23709577937981294 1.052635199673031 0.07733993287983325 -0.12509306726758967 -1.1262322685111725 1.3916222412808013 0.10846235991214039 -0.6544328763725885 0.5397436828848223 -0.6833252275575679 -0.7749539462904027 0.8750737195696403 0.2436100312132239 -0.6914763867270918 0.5117282762800769 
-0.6645865582486973 -1.778367330847689 0.32266085535599914 -1.93452779786359 -1.5930103919234695 -0.348050728163076 0.5476737490409536 -0.3144118609175884 -0.21150810254594088 -1.0524188497247822 -1.29171666260003 0.2660026853008662 1.7949286194865393 0.995435318882449 -0.8151091727024649 -0.8958283127447157 -0.046333297407912824 0.023084363660438124 -0.9444231359624252 -1.2447236446835874 
0.2628340596402813 -1.425487761219237 0.6468271184159746 -1.774609849961875 -0.8082562142864707 -1.152815999993978 0.17316654493462696 0.7865944948883118 -1.6468974115194703 0.35603393236609643 -1.9181422596034559 -0.15659691105020462 0.2382818033415715 0.4053465485316719 -1.3199876403334108 -0.21779450199532124 0.205992656351459 -0.5303820976536283 0.5799924544644354 -1.8129274966826376 
0.7917247025229219 -0.22297531974875381 -1.5223212281890615 0.46183119926899546 0.028009295332150345 -0.5589147782457319 0.5076813373311826 -0.07920834787563462 0.5183540611989818 -1.9342579346468354 1.020121208235573 -1.0386828376814936 -0.6631743077320847 -0.5063604415484231 -0.15788615706084586 -0.7090808200324719 0.2132838054484412 0.48410491450571713 -1.44990076695688 -0.034517936985136395 
0.23952656819303683 -0.25696020365162375 -0.16811515381981934 0.4839795294690974 -1.5379308045837752 -1.2597906768179883 0.634524551909792 -1.419546937221222 -1.2396096484346921 -1.2607640087164136 -1.122509983944933 -1.0393425682447344 1.4046109291956126 -1.4900408539133978 -1.0380429522125032 -0.030593042902154432 -1.0049653135184224 1.0454487373781327 0.3810093046615664 -0.5642105003509067 
-0.13888111189085184 -0.7249730361206225 -0.5371014526818975 -0.4661310176951118 1.2039154712343765 0.4128309704255606 1.281741819899143 -0.8880739434462603 -1.5444914071151492 -0.19660419650300354 -0.47277730132253654 0.010785289183782564 -0.6701378041959433 -1.364415869172349 -0.20136221457258263 0.21169355364059741 0.8798528808369832 0.5590280759385466 0.8676125813835613 -2.3134468128593793 
0.33174521814976976 -0.3471159694328918 -1.6948715909145813 0.09460461151998184 0.4509579897776148 -1.7336775751885594 0.2125040382504559 -1.500230297789954 -0.1109281301136814 -0.783070114563299 0.17974876761622993 -1.1377026657034017 -2.408300649051321 -0.746870728140312 -1.451206619428822 0.4088531393481811 -0.09675636535609186 2.218075518159515 -1.3360438795044969 -0.21692971991930177 
1.1486713597285398 0.8074514883458336 -0.5269481752132532 0.432175160791234 -1.0537542473523545 -0.9306013111542178 0.16981115572059352 -0.6270555976716201 0.52277422645352 -0.27743590065462387 0.37632790692746626 -1.1279332453478368 0.947031651319352 -0.08859542091778563 -0.3307540178806539 -1.4756452094370696 -1.0154764226462798 0.22302282400002252 -0.03419859872204469 1.766679870531621 
-2.47548601035069 0.12212530126589355 -0.10757614756887382 -0.20805476187680952 1.0059272791550757 1.1308502850585578 -0.9813518854622914 0.4426708274645472 0.7639455925412311 -0.7662744439365542 0.32127289694675193 -0.8109127420791645 1.7533898381444275 -0.17013246039173718 -0.8760350754603442 0.08170331229231369 0.3930712830833751 0.11765099138168574 1.957983680251944 0.45924433383715335 
0.08265916829922243 -3.321903513889342 -0.8888686102063886 2.2768629438661154 0.46109089304291195 2.5902340059332865 0.08945490219017399 -0.02448484427653268 0.15888839091207782 -1.5687203383033246 1.384454864250481 -0.9095173909857944 0.7005678964991223 0.7133458314248926 -1.8556300175557274 -1.264850894274719 -1.0534243587969236 0.2389563950619724 -2.8658160221941715 0.33767407589409487 
2.0193232434621473 0.4334529837745029 -0.3798505883406286 -2.179490749073482 -0.7176988983746083 -0.6950600720216741 1.2491466127157413 -1.2312405244411235 -2.3097564838298545 1.1694252146631996 0.35430510781688473 -0.3944635878959927 0.5131134010364277 -0.3674300914104594 -2.9919844752916687 -0.09407655600071271 -0.26165842796573535 -1.1205269929267732 -1.6684640074908403 0.7392465078188285 
-0.5610619602286684 3.074889558553682 0.25231197434733144 -2.1902004901768826 0.6375876474111913 -0.8223258763842418 0.06198031394531895 3.5809141309895596 -1.073202552928269 0.8416411997854465 -0.043389183938745114 -0.06229402400618166 -0.9161063358966972 -0.16426191700962214 -3.058568015029549 0.6135547946953296 -0.4031456615460485 -2.56672059647239 3.4273586044976487 -0.8717614091014932 
0.23282464801737673 1.7351256245832913 -1.993737918499795 -2.7451812158929445 0.24078036382078552 -3.5953318684029902 -0.07878823070554819 1.087491122670803 -1.3437760849013731 2.7148805539428253 -2.1809776815842454 -0.39483143966864004 -0.4991988612567906 0.9187549318893719 0.03417414959840283 -0.5648853721154069 0.2514877459344069 -1.390465950501817 2.2227115552249277 0.9521190538413765 
-2.152372174562397 -2.0925888761492843 -1.3995030537610484 -0.6475051878783955 1.0765316519181805 1.8182914663311809 -0.3644891404765402 -2.6030515556825935 0.2589668608137979 -0.5637609985354493 0.2791823643844293 0.5422446052728815 1.2131982846055493 1.4503421965574623 -0.2617506379646187 0.26609106181110254 -2.3354126350271684 -1.1059123902518526 -0.46800233229101235 -0.8015773298920351 
-0.7449896101881601 -1.3224437272202112 -1.0793623255146452 3.5641759622708102 0.36231837005913403 0.4653816294400141 -1.248583544084785 -3.0322204549266867 2.75424416269011 0.5328582512796223 -0.5258369735019945 -0.4376125329143199 1.0576604913860845 0.851642898951616 -0.8407455944586799 -0.0233285339672471 -3.084383429830337 3.7555754971926243 -1.683181011063161 -0.25605169979312925 
-0.07794147055685602 -0.3704878870373422 -0.44837194057725444 0.31997668749112546 1.7828281191873068 0.49182906815329985 0.2730729616434042 0.05482825298837134 0.3107352855065011 -0.6189757358525116 -0.4760442704868263 0.6375350689653155 -0.5450371375148376 2.6348676273746343 0.2532022507984226 -0.09898868381053443 0.12015491822605764 -1.8148472005057175 1.3620741640805525 1.2511639587323191 
1.4051035451422336 -1.329547677246576 1.3178747478977697 -0.09280649395899963 -0.45040200074125575 1.542172545035322 0.8806768235356071 1.4310286234790877 -0.5421855146958838 0.5134770787774721 -0.7400632415837279 -0.5406629878351972 0.40265141218073947 1.1503237116182572 -0.8933660031474309 -0.47720354100158474 -0.22543029581340365 -1.2447208641406473 -0.29932808927492743 -1.6197124862104149 
2.048747478414522 0.09568325619512212 0.0824791386174728 -0.10495807222154789 -0.6719455517614201 -0.19201777172470205 0.07124619314787778 0.3528067403777234 -0.6554646038735655 1.6797467905969103 1.1017876844807883 -0.6012460448611444 -0.8105843728397996 0.9705679829257813 -1.2906881353532083 -0.837602610577383 0.7872517596853308 -0.7757843091366595 -1.0186306406768217 -1.6324179677401311 
-0.360616301620172 0.41473087411773607 0.42806845206748495 -0.32699304553478137 -0.39916371889003865 -0.23230757133220278 0.262922690288609 0.1496535570502032 -0.0992773889632372 -0.743809611515185 -0.6447039689564852 0.40009200192125277 -1.8830060675064348 0.6658124373744412 1.585205391657721 0.5287057515766987 1.2625454148167752 -0.9847418029878989 0.39011100860591935 1.356481299558927 
-0.1777186275792763 -0.9657318024088991 0.4826706726554097 0.2803082863368965 -0.32453607742697455 -0.017754696254485773 0.09749008014896496 0.7864088249511039 -1.6554001790331678 -0.5437192649642307 -0.7088306541827666 -0.2732843358555138 0.3587318535826778 0.6769933379772278 -0.3588668506035667 -0.23290899813066465 0.7302750294817035 -0.793264891315893 1.3109641495715478 -1.9873383206079371 
-1.0142401094051139 -0.004684200222765958 1.2849202163628912 -0.10474770712312025 -1.7665313312309006 0.2896817292883896 -0.27289836524107836 -1.1105379888991957 0.9302875957178588 -0.43020871956311096 -1.0954973705892428 -0.24630919009984628 0.1035612508004434 1.1234027476120405 -0.5742778809313812 -0.8750982804622708 2.02921924642294 -0.7480165964252097 -0.7367303962760955 0.23694753722735493 
-1.0639029637694861 0.2942343608673399 -1.1597508297814367 0.4358578223912249 0.6557172590414505 -1.3395556265120754 -0.042595549294791736 0.25385909551091146 0.1328589962113989 -1.5317862712148187 -0.39815744320897545 0.2712104975330616 -1.8303509147324322 0.8029235812946481 0.7631187040627426 -0.05228419158814573 0.00207517397072685 -1.3886594109449508 1.2401612169464082 -0.7967131771815337 
-0.3022845254512657 -1.5442877509933766 -1.0891801682039046 -0.9379614929514126 -0.8863404053832156 0.07147609709607321 -0.2867468171966003 0.19490397316524244 -1.696822120232197 0.7050014353527093 -0.8410309634282063 -1.0417023676084627 -0.2130592181285837 -0.3605070631312791 0.02556104164650206 -0.024318569922896785 0.2082674156188069 -0.14032875113348958 0.33202964608432334 -0.8621247154059167 
-1.3994299269723838 -1.352028782300814 0.4868923802929287 -0.6696414620518722 -1.3267819004233838 0.5002886844296919 -0.10313343509042475 -2.060979840437498 -1.3238413418039754 0.7820286587700822 0.28015377175392114 -1.489771595914545 1.492942530187725 1.1727948550508394 -0.9638832915169163 -0.5655382722702056 -0.2310031593052346 0.737096648972508 -0.7929486102740648 -0.510449154382396 
-0.6425603890033476 0.406639869425615 1.321187421738654 0.8060485330241053 1.0611240449442243 -1.4910472053149617 0.5082062776975919 -0.7889135929035246 0.5878094371777353 -1.7884349883903379 -0.22788374592396735 -0.6789946925421729 -1.8754850974259387 0.15144531746652268 0.38487624741112 0.8711214587524874 0.7874080155504632 -0.013311800379368126 0.40838188669459674 -1.9457067973758864 
0.38644766656731344 0.20158828693836142 0.8235768324179583 -1.2755391632360953 -0.7956373666935772 -0.6442630617256241 0.908965542195647 0.1647064214519718 -2.0507263076056006 0.40321204150327755 -0.6807615875456705 0.23380862666118693 0.24785136980826894 0.9298965305880901 -0.10334869359520943 -1.5276740616460251 0.14056993342769922 -0.024934140547316085 -1.2573604204014281 -0.4544783714875131 
-1.092793199376245 -1.886469883448316 0.8972404126588972 -1.773105854677886 -0.5832200825928078 0.972699828254944 0.32122012677494327 -0.6620047997488324 -0.736450664781629 1.7491614180982158 1.118329610372861 -0.6359466069515196 0.7854168880678223 0.7475384399130417 0.12957251247886709 0.0528328788778808 0.1313079012456377 -0.23199506497405226 -0.3308096306001159 -0.8594406746843042 
0.3263147757549042 0.21116149340007745 -0.39130644358355077 0.5352064445509758 0.5850632427360027 0.5007667483045056 0.44567220159323917 -1.2455342574020134 0.5887138724369347 -0.20633796607205138 0.6566264726263785 0.8096693062852437 -2.1126667149038094 -0.5185587020938144 -0.40879160324807773 -0.6404049229736274 1.4472063739324743 1.504505595222818 -0.6947093823667333 0.4699237777920977 
0.7011473726887004 0.27506610565716977 0.07289889209026544 -0.43290191392836797 0.013284034383279325 0.1463477697023202 0.3583258759942269 -1.2760381109536048 -0.9145160108452696 0.06974490755756971 -0.7009919814751278 -0.48617743881111886 0.4440397207066504 0.6341904503703547 -0.7141831838283647 0.020788420314576755 1.0672984327409603 1.149610789760465 0.9762084874064817 0.4324108404267614 
-0.5055884632762204 -0.8351613159648473 1.1084381212428875 -0.03498413069798491 -0.06325001462436135 -0.5548213138074455 0.09476613113045951 -0.5803249886133134 0.0976868339665385 -0.5946368383996745 0.27930026549262515 -0.4029010272689267 0.7164106601154921 0.627323157713305 -1.244421134931634 -0.21372873439688478 1.46831875367437 0.6907517976000238 0.04508985701904295 0.5461866278234305 
-0.020403538248310097 1.5037153256855915 -0.3313213034076706 -0.5175638288993348 -0.9823194507587394 -0.9891097940747232 0.24931647513996774 -0.3146374428851229 0.9173629560735492 -0.18911212494570379 0.10225538410689446 0.3798862599300876 -1.5261466687465757 -1.725843285573225 -0.6756172799331266 0.775400816704609 0.7754689586760019 1.120574508666892 -1.55491990222191 0.2038545463512254 
-0.22441013964745915 -1.0495986083009623 0.7798576168484725 -0.05690728351519812 -0.7839466235235243 0.056100919904309335 -0.11515960833008392 -0.9276467817551688 -1.300564921410349 1.692280454620276 -0.7525957304526509 -1.2919401630054805 -0.9942383748196663 -1.314553836223843 -0.0782399752836107 -0.5359836609565438 -1.1250114975211596 0.7085804847731183 0.262426194194206 -0.6906926133393879 
-1.464751470672257 0.16036350489956963 0.8424615319666421 -2.6464875307914753 -0.013523182679365111 -0.07576984013927154 0.16347070640341732 -0.5873278766056338 1.784070699317923 -0.3752857143547297 -0.9544561008031409 0.6736865708343481 0.6498888432215536 1.285797803551054 -0.5373673542387468 0.09919942932479374 -0.23031099171477154 -0.830591722673509 0.8870365795113615 0.12231039924287217 
0.24708380484490552 -2.177836618479416 -0.5433033977204751 2.186298708492062 -1.7355254705851921 1.7986757386127943 0.5948304086383427 -0.2590774788138644 2.226891370152221 -3.00913669687373 0.06169678766061667 1.9557663065782511 1.0919121031966301 1.2009008312160283 -0.7900561038594738 0.7777611326786931 -1.8932783906628523 0.12195846631153179 -3.0247356119899007 0.9055987443060896 
0.43591251132597764 -0.28053795345887106 0.7022337828254767 0.09362297254878982 -0.5550027593113092 -0.5753207320943357 -0.34712995116532774 1.2813929054403659 -1.9247211943252065 1.6335249393079692 1.4072249526968228 -0.37620702398994094 0.012499021016061198 -0.37884392559006896 -1.704841186257524 0.14056736855293187 -2.306768468401345 -0.9162440659505363 -2.250953967365102 -1.1617242778397507 
0.7891288580234511 2.297714772500627 -0.20220835832415815 -3.249580357258673 -0.8438809762741034 -0.19397895646515612 0.864610911949354 6.323982931289905 -1.181271937421509 1.8121938507328967 0.6749684317209352 -0.41069488872508014 0.49469174693914897 0.7160819915063208 -1.369538477053127 0.5437772032510874 0.3443540872165781 -3.2841890922267525 2.120203511223042 0.3866708317621557 
-0.6863929106942405 0.38547476297775385 -1.1971491724400898 -2.418077943947448 0.411402613822303 -1.599716807406765 0.8325736964696242 0.05191131494340805 -2.5120502935680826 1.703693499848348 0.6064872905631108 -0.16372283518801248 -1.7935958048071154 -0.35630449734885633 0.5899056494985392 -0.6507802924986154 0.2346870919253804 -2.0576306511138753 2.530618426548176 -2.219259618470283 
-1.1658052333370423 -0.3286478850633262 0.7002809059884768 -1.5533109800498222 -0.32509077685483423 0.26158494242378283 -0.37620920141439523 -0.061958607401900505 0.24870900072389504 0.7034468769015573 -0.10430967471251769 -0.4980346886118878 0.09703526735429517 0.8360327704903726 0.22423076346234488 0.46690231263164583 -1.2501587262027032 -0.35346862695969755 0.09027737685372055 -0.5162927766586901 
-0.395066668347241 -1.5254730698157637 -0.6750967952367303 3.694124869493888 -0.06197166409137148 2.424835940747371 -1.8443380015275181 -3.648321767047358 2.543016311308661 0.5409945974725835 1.6890857081266129 -1.823696275104265 -0.12729744006228608 0.9488214788340867 0.2109326918806544 0.7143726201850165 -2.4456744905490955 4.665721562926015 -1.8349170013261313 -0.638962169488265 
0.08264347172853097 0.05659503924322403 -1.365952210827618 -0.6130024679763969 -0.21647287799752504 -0.5663507237612198 0.2266767119276014 0.861391273652875 0.002664651017379211 -1.6810950992767861 -1.4534615961097967 -0.8057579225096491 0.2874139514751392 2.318813459321825 -0.900571968811661 0.35787263311916917 0.24409969060063125 -0.5285425228697146 1.4457311707970915 0.4858796529916845 
0.6081131122901484 -0.4488052472546553 -0.2518474249830687 -0.4473804775370726 -0.3586215188625639 0.9726518321342137 0.3634418431546235 0.7668968894063878 0.6721804722081182 0.19875761435393466 0.1551964386365852 1.4068167123724944 0.4388557166345982 1.1044267890177375 0.5271992626792235 -1.0281076798477806 -0.5197056198033273 -2.6528808740240124 -0.17892890793026478 0.016335017018827534 
1.0030437585040461 1.1137740066744708 -0.7664053554027921 1.7077905879007915 -1.5942890204267728 0.44477854722595217 0.15631004078255978 -1.517865661257842 0.3130261912143574 0.6861445613861527 0.25818899644015547 -0.6995744230485155 -1.1516438929676667 -1.0006975970954126 0.729987001094213 0.39937681650228224 -0.22674425959679195 -0.1721137479253304 -2.1951446119236055 0.6759386994958368 
0.9044820953643555 1.0860040090962004 -0.1074146275382971 0.1474429819447197 0.32117756124522717 -1.5937421721196974 -1.1226400351765182 1.0275307934380737 -0.429729950466875 -2.1474391142726574 -0.4194616200607557 -1.0375804115573755 -0.8032908126709796 -0.4238053664112088 -0.2506721344828161 0.02612679052569277 0.5009445478444655 -2.07173512128387 -0.17238727613891916 0.9103538917080272 
0.733550494351687 -0.3343512861682867 -0.6490793604522913 0.635818647048872 -0.09966031929364585 0.762630350132117 0.3937353579326985 0.841859283874189 -1.6348872257559641 0.9468519390181093 0.3850080893170143 0.25773120643472575 -0.41159634972814363 -0.1139270934433313 0.9151130139001844 -0.27911226889567037 1.4844846484700638 -1.2986675888636992 -1.1039104388104628 -1.0636027054833799 
-1.3841544013504623 -2.006417063298388 0.3166395271888721 1.7487518362255368 -0.2272086354994079 0.2616495756176763 0.07754548016788684 -0.9040628571299917 -0.1273436795908578 -0.15259493540660876 -0.23447044862148053 0.5628935876328223 -0.6130414455505828 1.204388202027077 -1.3063899994045718 -0.05296680724657612 1.4605801198526505 0.033173971521684296 -1.0019595379488693 -0.5698862505600943 
-0.1452434902911745 -0.3446991749673912 1.4155011903872807 0.858073260818343 0.00043410719206381557 -0.01686289667180133 -0.5794366646480152 -0.18992699530241883 0.7711574748131099 -0.6697162493719039 -0.6063288661019327 -0.51392606175179 -0.11767786184881819 0.367953369428887 -0.37093612145859006 -0.2628249474438479 1.0383472401263056 -0.5357849105595908 1.5645224337196502 -0.5343736548413945 
-0.21115348377823814 0.1538646427315504 -0.5808268555873105 -0.6788434568598536 1.1705662788993296 -0.5489675703720505 0.11078983099058919 -0.3834407134079236 -0.8300807717752954 0.1345529240280987 -0.6028044105016225 0.4091830647814561 -0.7734513922517446 0.8280116119773943 0.4961406263103625 -0.518274094794982 2.2108620200721965 0.552876632361012 -0.3737620859844487 -1.7564046834004592 
-0.11250593901495133 0.8220789292136452 0.6127554740474621 -0.24845350709429342 -1.4715372120967773 -0.2864415682125541 0.011066574921547867 -1.023742322267682 0.7661118115207762 0.8764129352315867 -0.2508122702893412 0.3652517239324078 0.5077227643225406 1.1547289830873102 -1.1939303636985739 0.12887949441392269 1.1552236188764715 -1.0182637452447068 -1.005920496486378 -0.3809455393649378 
-0.6758234933612554 0.09669114447835464 1.4336818149085464 -0.5357896030629837 1.8307854738915872 -1.3600089499831471 -0.4899668201569342 -0.18260909224777264 -0.39443039809660146 -1.368333160707384 -0.7393384352934335 0.7111133568408263 -0.6564106806872985 -0.4917257399199161 -1.2474432785491294 -0.7604138894895818 0.8344251053323317 0.8015542364886065 0.6513938193099438 -0.9309496361409344 
-1.0393194947324658 -1.3489823144607014 -0.22152184265767147 -0.4283294123215456 0.3628814416858952 -1.107768783822262 -0.25029654351133884 -0.34907647466861386 -1.7069453012401534 1.3669525903668964 -0.2727503056908877 1.4677465869179551 -0.09121430496869314 0.2841100647622527 0.02879070023234376 0.6625391472593067 0.48226761910055965 0.024106817420844077 -0.23252211065549708 0.16265326311531336 
-1.481618807342756 -1.4804245416056345 -0.07439840358565986 1.0515900569652936 -0.7026864791475668 0.7359128514816485 0.3152311335332805 -1.2786532521743077 0.04486055237082447 -0.03811833749918756 -0.477378311833973 0.6432275115362074 -0.04176717958578212 0.7080995722197868 -0.42742251819309207 0.5623148394229978 0.057361844306604494 0.38605618259221264 -0.07569220225833136 -0.7022486241545725 
-0.31385298958528285 -0.6134703401208998 1.2839467470978407 -1.0093648923048608 -0.7545793615325164 -0.8455160284195153 0.5584809447308328 -0.7764152376657969 0.43099825003451375 -2.3312053487375386 -1.2674295758143372 0.3516102581737958 -0.08322401641983997 -0.03895917650559264 0.7053621429001278 0.912093534670482 1.3666700230064577 1.4869979015652168 -0.1344183910263012 1.2474835676783838 
1.22981294730394 1.1106663922376443 0.7958123684552428 -0.48946075951709045 -1.4973104871109928 -0.8689329108089232 0.8535463177747362 -1.0187886595147082 -1.3219560105246013 -0.03985407617118358 0.4752208047506676 -0.756262034543694 0.28535695717416815 0.792656827902181 -1.2765055660396099 -0.37563291989972303 -0.02682154778335853 1.8825793003241231 0.5831184507405928 0.472360809762261 
-0.02326836968714954 -0.25391774713889387 0.9862477878199983 -0.2364910935432686 -0.7571949733677396 0.7453600135366192 0.036879511647084376 0.33808368503313946 -2.5088461208348063 1.0130735269757636 2.627527297664663 0.07134030314474774 -0.2633614793441755 -0.048402319772534966 -0.175855941453291 -0.0859405627650649 1.363023490403217 0.6853577323294422 0.3787792278039587 -1.2362681654877095 
0.5571265068672666 0.47855020967854844 0.6587540821584704 1.0184870040086813 -1.4057142868990475 1.3760303504823412 0.08255177772654375 -0.5670806781258255 -1.0561217338379691 -1.1845869120119525 -1.1370734171637722 0.6933118302387818 -2.6081600339790185 -1.9352048019358443 1.049993961506343 0.3926632089823148 -0.07684551571997746 0.19131445714796547 -0.6578638197071749 -1.0313455180911197 
-0.5843855100768205 1.091198159764155 1.4593392633031623 -0.9106996878772031 -1.2183760199643843 -0.4188502756921912 -0.09665524483442132 -0.5294178362984567 -0.6748880745205987 0.7870001758951416 -1.189124009834208 -0.04578227457266968 -0.24071868954075398 0.6345938231684901 0.054100812968360903 -0.5389332230869724 -0.7749806118116864 0.4675106108079584 -1.1668398472215167 0.07461744358985219 
-2.394107212177607 0.5173876526643845 -0.2158421538866045 -0.3583320128579766 0.13911518608959123 1.3186050963235711 -0.08118878370213722 -0.4630497142065391 -0.726213096462812 -1.420549349921785 0.42192830647133556 -0.24901065741696407 1.6544550401819826 -0.03967884934511602 0.7402498218951298 -0.10375425387959522 1.2518443776120425 -0.3653433654795915 0.8475334988748422 0.7711264342533479 
-0.5323956199037535 -0.6732794728331947 1.260498626123674 0.7790941505205439 -0.6986388528965528 2.225882035545538 -0.15161795764580527 -1.725578024757983 1.661299052347555 -2.202400532332725 -0.6692110897142924 0.4174998858654236 1.1585463688340019 1.041099643998153 0.6426802744875483 0.22063714474511412 -0.58041734680712 1.7420474128988086 -3.1756096372521303 -0.8511030420465553 
0.22278664741447204 1.656320809537451 0.19673594716981258 -0.9657284160847933 -0.46131195458463276 -0.739396943910044 0.294805776537346 1.1166157872972413 -1.806607874034449 0.5629200339951547 0.7324552320090266 1.0424631441987147 -0.5194127510843735 0.3693325754155007 0.35557961658065396 0.023533312559860287 -0.06649737303467357 0.5079935850829927 -1.608008040421724 -0.6617139577587355 
-0.023702111544871993 4.109094349465817 -0.6312208808986481 -1.7960092565707273 -0.38407919892131026 0.6619067538181361 0.04758668336466035 5.484360822117289 -1.5023719673075655 2.140446359487364 0.4476135086391459 -1.8233844075289816 0.18909771059116356 -0.145057139983079 -0.808994715793506 0.5840180333141705 -1.0588123987199753 -2.2781582444632473 2.454615161942483 -0.5764172780145425 
-0.2079404775646204 1.5004650205510706 0.6599689732365049 -2.738174743109375 0.9628189144130022 -4.747338502592754 1.5913147941092203 0.2732140675569872 -1.7602902070789135 2.364707618428699 -0.33868624134124714 2.4829481502054147 -1.028480467862782 -1.0281381642346694 -0.5258243835148477 0.20761762075183707 0.4909794219536401 -1.185971194019477 3.529480410881069 -1.0052466992995166 
-0.3557747246909286 -0.41052023386400766 0.9516200461066117 0.18022542029524255 -0.13983039963483826 1.3467714416482532 -1.7694246778843505 -1.2892066387003478 0.9051365974772467 0.9163985250689174 1.219122875919393 1.1948074850169257 0.5602687553701844 0.9623668395612596 -0.057608216396798584 0.10314570550691651 -1.1852586507193752 0.16118669277740527 2.3008464121032315 -0.45447796823954795 
0.1437297433055014 -2.642334903594442 0.9708575555976264 3.960959861186586 -1.079806171653927 3.7045368682242414 -1.1664654722751673 -3.5731036376461476 2.5822595341553494 0.8731838039462667 1.8773099599356242 -3.3544528724558496 1.6094189320642465 0.1987183850660176 0.9337869842577378 -0.9055889358688208 -2.5591789002921703 3.2770459961544347 -2.3208783731718463 -1.102967593369309 
-0.9743812944844215 -0.8744913300475957 1.215370856076369 1.4730536260790679 1.3800226277161356 0.829479871053344 1.0010276385273789 0.30882935847858295 -0.24464910536314854 -2.106572207622168 0.7344993683382847 0.8453818886030522 -0.34285307712443003 -0.09180967586717964 -1.2113198084897157 0.6768143957412956 -0.8813796018257817 -2.2446503069249277 1.1962421136126555 -1.487785139529716 
0.12980945614841383 0.14093289918409702 0.33495755275612027 -1.1191055952974505 0.25473640957365756 0.38310594333045045 0.9406893762872917 0.9215178636998067 0.7074208066397375 -0.5238607215309038 0.6729345491523293 0.6159473824823378 -0.49038733110169197 0.5333130509369833 0.11019277270805256 0.6822128601164543 -1.3112693248804186 -2.1016488172214918 0.5357406118922358 -0.5119228170802258 
0.6190180460237282 1.308527937224672 1.2068133485518224 0.6152562955915756 -1.373214365363035 -0.6354957126249209 -0.4308091580254696 -0.20821908228223052 1.0238536164214926 0.08469507645398515 0.5706578396724606 -0.5879831590182761 0.7882759452142158 -0.19872934471639606 0.13953482335368295 0.46439213189051265 -0.161648185888858 0.12058118321227719 -1.163237276400661 -0.2925712859008278 
-1.6160097854535205 -0.061209392129318245 0.32700950867569495 0.7104202732964604 0.6409284635917508 1.232407290125909 0.7988032304855263 0.9201214625848962 0.26323448274559214 -1.8687844893704693 -0.11177502897631421 0.999154687386004 -0.09536911213199258 0.03498638469942305 -1.3497626149619755 1.3220070613749948 0.5499852058061881 0.1314295262917003 -1.5274804990149868 -0.36233939435528406 
0.5866964866699449 -0.19348128241073867 0.7053148565688981 -0.38792350037596957 -1.764171251693715 0.7827241467045405 1.1747439125992798 0.2644442137471746 -0.1807896138887112 -0.02125638685462422 -0.5396420247074084 1.2427896642653238 0.39103050273015694 0.01538741813395812 0.5725918153413058 -1.1721859840603521 0.26709605213318377 -0.5821687111739395 -1.276980238979467 -0.784137917482988 
0.3269898298944404 -0.03273087170749092 1.3935294289233073 -0.48567338646773645 -2.0402790256917545 -0.4577907056460923 -0.049473054015295295 0.09627616789175035 1.2141812469240176 1.0783650868528056 0.47477252594958275 -1.676754141393052 1.5585296471960364 0.5641225334537394 -1.4840033954774465 -0.21604973756721235 0.9114532186230734 0.3661303114954855 -1.6332725658073042 -0.9013777018543946 
0.11390644625571049 0.3462484896069827 1.9284657442108606 0.38593566913712457 0.49063271735247077 0.871782308394975 1.0198838862204456 2.0218983099428254 -1.7666777726434437 -2.500467577161541 -1.4593693010527897 0.9756515490037475 -1.7521486664970227 -0.2960202746073732 -2.2370297459989272 0.5877094203405714 1.5826489417563283 -0.3241860390098361 -1.0908131222029365 0.027190603633891728 
-0.5339436678325653 -0.2139118254070329 0.6290186231839227 -0.14506972635633733 0.22161301217628462 2.154643328295499 0.45202872827001306 -0.767991862770216 -1.3234440105051146 0.2847533131337744 0.19097778030811827 2.084580939375853 0.1890695825861798 0.568134859498179 0.6500954145929068 -0.23561212941736095 1.2670560011563863 -0.7763249523707122 -1.2448673205309946 -0.13669490007799714 
0.605295216586815 -0.08792421489349382 1.4394449834786494 -0.24814037297699465 -1.5108763437654147 -1.7628826122804122 0.35851102390232764 0.30083670174873256 -0.031663928274969534 1.341938198762835 0.20482262587452582 -1.791505906616666 0.6697641683324108 0.5021468493641909 -0.3893387906430382 -0.5788307066216997 0.502201779043568 -1.2795738575276452 -0.17308718227510367 0.8224614771287799 
0.824058047385605 -0.2597778670634586 0.728899365516279 1.5117131664515928 1.250135869955272 -0.31703684931265413 0.4368912973267965 0.2857280658088462 0.5424039486835418 -1.1619612679085036 -0.29592654281445746 2.093600510675476 -1.2228978371906525 0.24536876449660774 -0.6524998213582911 0.14214170263300432 0.35313818201822117 0.4686496077234823 0.6554495885525945 -0.22792408243055928 
1.0094554396733044 0.7715849452159981 0.7843268543701393 -0.019885535960907048 -0.7112541082570606 0.22027868407179055 0.2679741958725437 -0.7614150318277191 -2.0919609752068844 1.2749582691032946 0.3224708554036367 0.17588955469675263 -0.2797696582123427 -0.9809344613841021 -0.6800363474687003 0.1882064321698082 0.5993467162786739 -0.20094439879049117 -1.4801295049432308 1.6729723673118786 
0.1560768581491517 0.47316911531569145 -0.6119180203962205 -0.13305284629251657 -1.2844193740419756 -0.8080021287896826 -1.4398024771548643 0.33204776113476736 0.31079191570537795 -0.4644829072172939 -0.0018146359871764532 -1.2581519573080158 0.7311004275497979 -0.9069215139396886 0.7357343395074457 -1.6124398475867123 1.0029263617021176 -1.5312381147073226 -0.8271988986599211 2.117343189263417 
-0.7217733652004706 -0.8378085075633305 -0.16236322080664292 0.5492231986169084 0.28054770534943074 0.6101285325731409 0.31964865856186053 -2.567710642845049 -1.4559861779347814 -1.5032657499983135 0.030455999695617453 2.6426985690370053 -2.5336432199794654 -0.6563771153908659 0.09088016734743401 0.7765735922466702 0.45426711617964777 1.1805363491278114 0.7474955402341543 1.7023135886540994 
-0.17440605333459497 -1.3616009602735746 1.689752719691238 0.9174727200968055 -1.4045276467868564 0.10547165693550326 -0.2311450415655851 -0.34123312608287565 -0.5251939369085313 0.7297495729574371 0.058735479836389555 0.011980625982396357 0.366118733247588 1.178721516768203 -1.3404795546003212 0.6852030156876167 -0.5049610156313974 0.6525434007110613 1.0867426909413989 1.9955004592593484 
0.6350441774360764 0.35698812941129965 0.6213516768477045 -1.1432400258600206 -1.3674493945511832 -0.3386857397253449 0.1905582325129165 0.05832979095297485 0.22752017106849512 0.9045078748887487 1.528163960513537 -1.4190870226762031 1.040841787042611 -1.6471289824660391 0.3790724945334892 0.631398617214735 0.6054238508546054 -0.2307070863613674 1.3277362700594468 2.259433031034662 
2.5682876939458574 0.7782444506144349 2.241894036341746 -0.6517653103206626 -0.09713714702274338 0.07966640545408828 2.2330082421203046 0.42818847070205657 -1.848030370210058 -1.5208224064606368 -0.09810758577482911 0.8423941821288776 -3.652784757091304 -0.9297160667240167 -0.7694738569699605 -0.6629673979730851 -0.3744672393919357 1.4362481951349264 -1.1343877536555036 -0.483671615180552 
0.3223541605725694 1.0549847240496897 0.8058290501699364 0.05907354734122308 -0.4150730894461505 1.4779976603770768 -0.7853302584093839 -0.8612651739897367 1.1719806491197704 -0.06074169054287754 -0.5074297026696183 0.8045089506255866 0.1954310848353544 0.8044147311357623 0.5719601404343154 0.18499576428918119 0.3929368731285929 0.46520890198428627 -1.2268350099629748 -0.5438982969987757 
-0.8847208867736647 0.7925174050523246 -0.018357459842552614 -1.2538846740048106 -1.3904736771993782 1.5413047048362858 -0.5453082495257039 0.6022903752721337 1.2086308266987222 0.24939354887838644 0.8937971075473417 -0.5606600836648443 0.7600029435222623 -0.46917109276065816 -0.467646677659534 0.47716706877791737 0.3588825976165242 -0.7807965534701681 1.5592898849116312 0.29364799430060334 
-0.3619131675498577 -1.7180040771142868 2.0681346074488904 1.1952432447112336 0.3078963566403123 0.5029747708435115 0.5226676045452399 -1.1317870214478363 -0.03594987160857234 -2.508757977279076 -0.9767879651973048 2.6425076812780475 2.432099786007954 0.8176527763650652 0.681569073044407 -0.3280982837249236 -0.945036247759399 2.4619958916544173 -2.535684563906913 -0.7386860532705688 
-1.0108124106909742 -0.2911221976605963 1.6799602412868142 -0.6116990520152771 -0.2992238141351008 1.0321525587306197 -0.8690869025185824 -0.0821715102493093 -0.38157108741113716 0.9509222215601938 0.5183020225662074 1.1268114324281469 0.6732015508233056 -0.807459835122659 0.44799461605064483 -0.6733705343789395 -0.7674817434447604 0.6701986910934358 -1.3380990015833703 0.1504985273736128 
-0.7124666714207829 2.527694393107592 0.9234990398625361 -3.147471626421266 -0.040117945229615676 -0.9030980197429934 -0.03963708520911683 4.381657732213572 -1.2026420709059757 1.9987280940957464 2.3388849417795656 -3.6338250252149886 0.2619330231488991 -0.835920723944961 0.454222484168222 0.5082354712667944 -0.3891652224863343 -2.3101598331978845 2.8263916061522636 0.6867929735898494 
-0.15319811005930856 2.623661992370667 3.1028906085624994 -1.4941313533865506 0.9663912833031939 -7.70528619571972 -1.5485713331269448 -0.15608974255354002 -0.2609584939163499 0.32039138476601037 -1.0230655118566914 3.9471760475107 0.44185213147845975 -0.4493212980797915 -0.08766670698416391 -0.4832648809529 -0.6247543191097361 -3.6320960924832018 2.881946308567187 -0.7072268486785206 
-0.013552617743791188 -0.9930624160030832 1.607768374686666 0.6848580988106191 0.7082761847384073 0.3633286780292619 -0.6910422033746326 0.014704027549112896 0.7547006994334817 0.2881776992870941 0.8209128429207713 0.0809549550183166 1.645967267207738 0.8072782687386573 -0.7608338072154806 1.0343155765474017 -1.9990980665016296 -0.3912594633572638 1.919759693618079 -1.3064577022587471 
-1.138098830497972 -4.635651085393591 -0.9959051423356488 6.6665367976807 2.161901864448843 8.01449267339102 -1.4708819222416412 -3.8819036783522387 -0.08943468521682316 1.8250595756098895 6.287515536749688 -3.685922146185005 0.4570324439631573 0.17841884529282223 2.5852255911309823 1.1048877862980628 -2.1244414680557124 4.479981676771286 -2.59075365786602 -1.2041064095919267 
-0.7700111972692989 -0.006255451565747956 1.9159512243116645 -2.483074458754603 0.29746508389154047 -3.753741349197601 -0.7293349365810969 0.9200977775269762 0.07785517446736119 -0.2614840725874213 -1.299493155039485 2.7531791631539706 0.725685387240915 0.024296591234097324 -1.3748957547527143 -0.664877421839468 -1.076626727922465 -2.9771647586560825 2.4192306423685666 -0.4951005297223107 
-0.04496824524380282 -0.6855050281757146 1.8989277677835552 0.17798990260218708 -0.2922603569852834 0.9188762621208548 -0.2091647170944741 1.366433465470387 -1.4574838068756197 0.6733136702083565 0.3384909518374376 0.4492536940610478 0.39446237676300155 -0.005279892932111675 -0.5963441179002329 -0.8349329108431083 -1.1263544676418205 -1.8000705658832796 1.9231055109796737 -0.7167478453564755 
1.1799039717562232 -0.9230014766458982 -0.6167756942289253 1.2233242866472915 0.030253528124924996 2.733321202610134 -0.4418799072047511 -2.2219208325914956 0.32227564922355345 1.5919463630402801 4.077419520418069 -2.516691385945876 -0.4268821327386598 -1.0692470043458344 1.864146559928336 0.09542051859055212 0.4500711620252739 0.7669856257333997 -1.558819217629613 -0.7446152799855399 
0.28386430095200643 1.7050823511543076 2.1638780403558457 -1.1668362681322064 0.1289409113957136 -2.977242128086395 -0.85590869743439 0.7620571844730051 1.2501844445465842 -2.5022388191460196 -2.118821984554866 3.1061831662259425 2.109202719611888 0.7161530461531079 -0.9049727583403957 -0.28146172241329875 -1.0230503974023504 -0.2627244977308014 -0.02567971488400926 -1.5351269218803054 
0.5149445877269456 -1.4779415595021002 1.8974518361932708 1.4494067787169467 0.06561635993385913 1.7293846877666992 -0.3608378123459329 1.5074222067606105 -1.1189152623620475 0.5306931051491078 1.2556148205076327 -0.11511347211883924 -0.8107953783702061 -0.8583641731202368 -0.023022290492889775 0.5950059680654061 -0.1369300942144548 -0.02836062111102645 -0.19786704451255205 -0.7072107883345605 
-0.1794098295322898 -1.6187221236471614 -1.0491737957160379 2.4456071332156597 -0.5502200629274954 2.6664533279648768 -0.44651378353624266 -1.4274166992810937 -1.0569040514599444 1.539508331370164 5.746693740575645 -3.551162207017082 0.17837635591485976 -1.8217237691484633 2.9322676996155193 -0.7193604289527724 0.9537845649337396 -0.15615600353984335 -2.7974543348552547 0.5633612960560344 
-0.4239127581019439 0.8951739651290052 1.187589986280495 -0.7651441694187924 0.37427070168444754 -3.0182994137027475 -0.9270691072066144 2.2893912532417846 0.7333097478271116 -3.3598923929462954 -0.7701723464429497 1.4002109486544994 1.2676737143733863 0.4460341609936379 -0.3280768774804544 -1.3194680057890733 2.2268388912900643 -1.7099805323987058 0.46090245533890145 -1.6245384122141455 
-0.5621429191035104 -1.2762330898202543 1.6735844250866645 1.4746179149586236 1.0916751932095943 0.7019972579283337 0.21287382317827022 -0.4185347638518074 0.11629640885648573 1.612312555194763 -0.42271744487030516 -0.7980192970545513 0.6580557458462609 -0.4556274436633604 0.10986579359625044 -0.5168013463728327 1.7725355918884236 -0.940838433256675 -0.9047078592173576 -1.7560005136031789 
-0.5071642641765567 -2.507357301946044 0.4575704150388405 2.036443847783794 0.9753226152651511 1.7795104224247178 -0.32251696066541463 -0.8255629397684876 -0.5955604458214854 1.5676861372621331 4.786932116280912 -4.582389821970941 -0.4350019405097577 -0.7977163504206183 3.7729660197395356 -0.31849497673100574 2.1512145763405286 -1.5028078440680548 -0.8485531990046555 -0.38812395755012474 
-1.101298687531786 0.7792581064811418 1.155942465124246 -1.0825707933857869 0.3273719079865587 -2.530805829271209 -0.6064364158738135 -1.6704397655624375 1.7596536981191555 -2.690927837710368 -1.2308637530344506 2.3168276288317946 0.741249221340406 0.5808675326112035 -0.003576332031448833 0.49951527637555737 0.918879130332404 1.7972837030211035 1.785494647578022 -1.9219148975144649 
0.5916002137774343 -1.1989710945710057 0.3716259588743513 1.0533915105439295 1.1325265196753826 1.9957422827438995 0.6919744016057949 -0.002508724409214952 -0.5961068071037302 1.8273453509962407 -0.638924386538515 -0.13973498275183516 0.17601103498711967 -0.2702864255443052 -0.2559166221872041 -0.6649334436506315 1.500085562751209 0.8854919248896693 0.6100244082253427 -2.1934722718678614 
-0.5015872329485797 -1.4939160744626951 -1.7984593166953367 -0.10321512736127714 0.5576603323758218 2.0080061687013933 0.04238844824131939 0.18143645910918757 -1.054657998233672 0.6782574989196508 3.4391566329070535 -5.043778125639859 0.38170588472840306 -1.3026557419497098 2.834508551194532 -0.12019492872543999 1.4046205425515386 -0.7346808730370771 0.48065135260756486 -1.021725106928446 
0.06298159591967545 0.7367902512442669 1.1255250715094063 -2.247436781427899 0.021219090503194666 -3.769413560905284 -0.156190879218905 -0.2428180155142894 1.0767316471692203 -1.149231205726534 -1.7817999825655784 2.2191841976176043 1.4091066890206918 1.524896969432327 -1.522046906419255 -0.42578860900882837 0.5240836302465988 3.386594763536543 1.8927191095600318 -0.5950714033212084 
-0.6195251150756955 0.5376148490576202 0.7480153497436669 -0.9701757815155673 -0.3184900966084278 0.3347598675235626 1.669339222716717 -0.7424809146986214 -1.0729659071647608 0.3418454405895025 -0.6970199993153801 -0.001612429178825001 -0.3277783048590557 0.06611396223273172 0.9736261295699711 0.33850718238476274 1.6646305922034588 0.6938075289264862 1.151851358476844 -1.0733996816631726 
0.22570384918339925 1.077513279870445 -1.7474277551912154 0.0007459338895742822 2.4195313025846894 2.6492431497219275 0.9015500198872141 0.6356225265569637 -1.215119659730347 1.7501339723038059 3.8246805169930607 -4.898934859651817 -0.394303115670656 -2.376637924948564 3.434264453957807 0.7059610274645026 2.1130811232167237 0.06684789914275888 0.2966211082527171 0.4275941287805595 
1.4632280645933469 0.708740047256681 2.7324111099656916 -0.5057186001098891 -0.4830635411753896 -3.4143446928666243 0.272367210698539 0.12838901163596364 1.8507939596230985 -3.224951119958829 -1.3894268445182425 3.546733887139662 1.3764370727552702 0.1629667623984016 -1.1164081030156696 -0.46597469416761284 -1.124802828275551 2.560992326035768 -2.0801112342074832 -0.696879076250847 
-1.0600845565686208 -2.0602898069074658 0.284099038766651 1.6548613868387552 1.4344469419708559 0.5652561665084351 0.5605655010392715 -0.011963201256579044 -1.62132100917653 -0.013258054850161148 -0.650646534353259 0.3458033538460665 -0.14683570462058607 1.3656940407082785 1.2421321477140175 0.4047822661347742 0.47826251349678606 0.46631036917389157 -1.2968757842300105 -0.24867677371163596 
-0.7006747003365226 -0.7885456741599158 -1.6845123066360306 -0.5437413857947362 0.9976470541217646 1.2223318197381816 0.8458530164084304 1.9566500955154638 -2.5301547062627465 1.80014420958464 3.8980875159822785 -3.821353405219724 0.17719321058099724 -1.115899560330937 3.943527819299746 -0.03818058487941327 0.36756653049220966 -0.7527718096069989 0.554417309784783 0.6084963005043883 
0.9021207347843544 -2.181602404762804 2.3351212883080836 1.8798162703203432 1.6821845559858755 -1.273530511855492 -0.31312148636274156 -0.2342892719510111 3.8099749224247126 -5.624875548080577 -1.817494798035565 2.8012939653793985 3.854181025538522 2.7092342678371804 -0.5471746843201667 -1.264849767484082 -0.9823102831526437 2.7427170386840887 -2.4362103529770898 0.704690655359101 
0.7129246500456988 -1.921253514379333 1.3363559565531324 -0.6999041290217848 2.201010852552559 -0.468314285079531 0.19450405296238307 1.549480087202383 -1.5068603357738222 1.511720300166273 0.975231562005116 0.4872550374790015 0.11458901423793758 1.8502193863070016 0.9391205077825509 -0.5189836506286929 0.5545460604646696 -0.024592403862049746 -2.5335159467807915 -1.4203527536196592 
1.1026642746431439 2.456955116755254 -0.44040172128426225 -2.453944969925933 1.137449369284468 1.0779266518817918 3.1765307846865087 5.805163716115574 -4.752217226000392 4.547413812244633 4.765539838454366 -5.881774870704994 -2.97292329737822 -1.2717746983786258 3.425941943604991 2.0381583627726396 0.054111055558881724 -3.6334684597910574 2.2894265721912066 -1.5565697342328382 

2.390448028569558 9.668094842515206 1.0910082023054763 -2.307406412999973 
1.2692164150816803 3.053327784573353 -2.6529706379235476 -4.800305008753512 
-0.3933161440967671 2.754056097800708 -2.7136870192140767 2.5136536697677787 
-6.139602683424429 0.46428518509756384 -2.9972914507837065 2.14478363056096 
0.47107857172526446 -3.200346558849556 6.746815708358306 0.430367437450378 
-2.9808369963690233 -3.8294898576599317 2.8630239789326284 3.337874229843326 
-3.79111692215062 -0.9695774392516359 1.063327488042718 -3.426571636945697 
-5.084682121294728 2.2901284390478103 -3.5364624348012192 1.272360123681582 
3.189280980980965 -2.904584233468083 -4.070206088797716 1.9453572674626856 
-2.3674760360676284 2.786727371960147 1.5481504685802776 -2.797237509759298 
0.8590117617885029 -3.9163057535998558 2.9131016817690596 -5.4153949174446 
2.226528981559558 -6.237386134003609 2.473558269878229 -5.099995462061834 
3.707239197111253 -0.3858869578432682 -2.5739892695292834 1.3227289520760805 
0.887250955913589 -1.0473185375835958 -2.3789008825111493 1.5034761863985877 
1.7832140572071051 -2.719840961531095 1.6483298159345845 -3.0120512732062394 
1.9546451124854043 2.24495410415756 5.976509901717025 4.7412126242884804 
2.450641885450659 -1.4126806356773287 2.4218688518989864 -1.7082753096021341 
-3.445407141836778 0.9920209587493776 -2.973659068039587 2.7956467236487 
-3.8053196797244384 2.045408432869604 -4.914884700304353 2.570106466374585 
4.239040508848878 -2.4800257611814427 -3.3903698042947457 -0.14604165223602716 

