1.0602625330155995 -2.981954185149726 0.021309719203090185 -3.8552749202984766 2.80982867869573 3.022629929014144 0.944857682759943 -5.5786480014277275 -1.1774655452743668 -0.5725031012895748 2.136206962498927 1.793860655606588 2.776153552450603 -2.347911524196127 -1.4723116858349694 0.7737507179109726 -3.085328573397335 0.7771472545652094 -0.5805214174089781 3.8457355017141777 
1.5210252234597526 0.40601795925538825 0.7261582045593111 -1.384505487226376 -0.9767995178265838 -0.8589054249327511 0.5504056226310552 0.9625454552390248 -0.5985579644867663 -0.6943843351731765 1.9455697460297812 0.7250598079717956 1.8788148385765213 -1.509854389569212 -1.6576178560567119 0.4207526050526403 0.8802216502281309 -0.8998337958938719 -0.2821490369920723 0.5080101740757927 
1.2521245604391604 2.569308861946868 -0.13191405888608515 0.32612554644814906 -4.019246353859381 -4.316588890879951 0.5631320885882675 10.564729217596883 3.918154240806674 0.019023784667508578 -2.3426193352730458 1.4765320596793987 0.6417583419123082 1.1584203728691267 -2.8407948234881073 -1.104485338977291 5.581359178116088 1.2250945587853268 0.3195626651321293 -2.5326044367584366 
1.7710442519983307 -0.8730661252801143 0.36650668467845815 -1.0282305618081646 1.122843151885896 1.3512836823679355 -2.4907998224787367 -3.2930350239075263 0.5530260991208162 -0.40038944945525606 2.729848336534325 0.3650766134869854 4.630347588466132 -0.6951621406260244 -0.880238110341846 1.683853274247381 -2.608471834405365 0.32756808974692464 -0.4201249391243656 2.8381737388182726 
0.47142306645393867 0.12268884674196684 -0.6508537622991334 -1.0395249609482557 -1.1705919556216031 -0.14336000876400817 0.8662509771012835 -0.5622515800363708 -0.09824307816585348 0.03670168132653494 2.458868528755497 0.17038377206449923 -0.6863472773763026 0.6196087324888389 0.49044669758001797 -1.0140714348402269 -0.42635469861913 0.3578282472850611 0.28934169505292795 2.1543293304474163 
-0.7135356769136573 1.2974288960371545 0.9301435914195625 -0.637223631693215 -1.7748979560957996 -2.4741842514126557 1.8839568592801128 4.336992331829336 1.1027619460968532 0.6959299447234382 -0.2808181617247451 2.6800073928984967 -1.0737583644078832 0.4644678661940541 -0.024558981797273734 -0.9665704099586729 5.612588063684326 -0.19532095521823659 -0.43914955668221484 1.7273534916512874 
0.2566807704893051 -0.5283314443353053 -0.012870496695715427 1.1776074975186486 1.8554200435819594 -0.4412515467076112 -2.839108525687318 -2.077794684689216 2.4301275489871377 0.08183313567882403 0.8152981510610202 -0.30092184348850215 3.220669059237401 -0.1266249754494115 1.8286310443614922 -0.0478762143614226 -2.4879553637508716 1.7471080887133001 -0.7009331638579168 2.061555991337229 
1.0525072466556207 -0.2431909145759422 0.8681468807773135 1.3655964991152043 -0.30440535005892805 0.35917058805888624 -0.036760026060620066 -0.4366627469530712 -0.2884041394423843 -0.8993352361038078 1.1640725300256127 0.408971673145752 -0.6747040476184021 1.1595108946968413 2.7264958670943233 0.05813142110584964 -0.503271862578034 0.5760111088196523 0.6127837367270417 0.7933531191538933 
-0.9750127624738036 2.6262604531731664 0.6889396795765005 1.8410813064741538 -2.523560246105292 -1.5347985155061379 3.3568309618848406 4.258979742490083 0.5778053348248658 -0.019978337095616455 0.38677563099720574 1.9053791532079896 -0.9857146013917191 1.6514377828463511 2.345110864042037 -1.4954410146597816 5.356844981272173 0.3623507841359632 -0.6061386231133149 1.0424504304338693 
-0.021920636252722534 -2.35254836869954 0.48158995071389066 1.5738617856508805 1.5551436733251123 1.508066353342518 -1.419851724792023 -2.655073650995058 -0.6961684222732825 0.4186689480165931 2.6307907567269715 -0.6856950111355226 2.4236328454527727 -0.20825240367054634 0.7093247666913299 -0.07226151462676773 -1.646124693487437 1.3596441747928556 0.0315475544219598 0.09576805503623399 
1.598913001513673 -0.17834357865681083 -0.3810948057604094 0.7711695285810267 -2.1129515539734185 0.3843311260168993 -0.006530549253789786 0.8353459612315842 -0.22451890941623295 0.023692333382908142 0.8874638090440593 1.3763881457407776 -1.9832499489142272 0.9267899934567776 0.7809670043316285 -1.3062733640246393 -1.2386869362298436 0.037439767694840045 -0.3319949852640255 1.5077747881408836 
0.8811094953686276 0.44589048014736776 0.43111069018281684 0.39202920432653593 -1.3014364236679987 -1.408366245770932 1.6823517062113698 1.9054504104050372 -1.0364183102988305 0.6347734894936926 -1.297594308071906 1.9635976639349868 -2.1885249366477146 0.33508475455412967 3.1088538346783237 -0.8991624603869588 5.225716782425663 -0.5593121548873746 0.011723061809582856 1.2526825641133843 
0.45736223357483846 -1.231093092444144 -0.09299548755747045 1.6473238197971547 1.3067283712830708 -1.1695748813367022 -1.6076127850665043 -1.959194484662765 1.696307423142386 -0.04248037456594805 2.8438420757374008 0.1614670044049548 2.1444540520973394 -1.2129763456549352 1.4286279562386064 0.10957988231442006 -2.5268767240641914 1.2201703748106068 -0.40300667460941847 -1.3750999494549876 
-0.0007965554703787348 -0.6494779809476017 -0.4721575558346515 0.6610593640395522 -1.1472842134376093 -1.0901492280687042 0.2835868915757957 0.01632166272404769 -1.6548000422948628 0.5491110805531222 2.147330534609977 2.4593164503818037 -0.9821547104704327 -0.08755030105715098 1.4155146149190672 -0.8001221587912299 0.2831551879847962 0.5865994022337827 0.5376085056171959 0.5014387402386178 
1.4749408562066089 0.03965609948395749 0.5773256677429236 1.4930636990718371 -0.5901462779750776 -0.765149846164031 3.5982330067379467 1.368971033668708 -0.43766206944505226 0.04447542713924159 -1.1269634838472489 2.321721612793675 -1.7788111861853264 -0.6703306430607521 1.5195730075323974 -1.1311707866835392 5.8268078600792785 0.24425848490246338 -0.048575291204908326 -0.4190754692818604 
0.5930281437525227 -1.6918461983484026 0.11293445390116291 0.7903680435760451 2.1230582671232496 -0.23454996884453413 -2.2546818365905055 -1.6030332692748628 -0.36990243813635226 -0.5415027117260693 2.6876428411671247 -0.035207384585755286 2.8119880524613103 -0.768943536613159 -0.1411234974377336 -0.28085403604889303 -3.5273708259112126 1.4804645636312899 -0.30844764811431913 -0.06559355667590096 
0.4806549267315376 0.298518194987476 0.20245072609753467 -0.7974963733658932 -1.058924550309181 0.3186238262239798 0.9723327833703598 0.5454373487751152 -0.002436274777336363 0.02000929265483123 1.5551679460354204 1.8423962702107812 0.0460566983987168 -1.0724124174189962 -0.09938752276126654 -0.6440624490321343 0.6824927999873822 1.3574591590238112 -0.41636201855674526 -0.43860233628244566 
-0.8613413085771806 1.1614101847169327 0.07140302551021652 -1.2355650551910966 -1.1094279011108525 1.3144526603620246 3.0965581260642905 2.065639279354148 -1.52418422877491 -0.3309670791142959 -0.23071265722454443 1.844883840202013 -0.9850606756519182 -1.9381704672336477 0.5364916962162326 -0.29810861050228227 5.914236975655682 -0.661771752058124 -0.9518043613561153 -0.3326431432922846 
-1.4438119769970932 -2.4665206268617696 0.0381429500039239 2.529549041542245 0.36578300538788144 -2.239663387336907 -3.1550846945866806 -1.868124034320561 0.7336954447261164 -0.01878462174945794 2.609503706898413 0.8297141469665712 2.592279276025488 0.8906584357476247 -2.0924578517665955 -0.25988118562975465 -2.2894114209320007 0.8717764201777362 -0.07080069269908353 -2.4212111563362098 
-0.06517860262615778 -0.16418538833895452 -0.7798580487932317 1.4497565058498545 -0.5860238310625354 -0.22153408508673855 -0.5343846279991303 -0.7584186088960019 1.2812822006897466 0.3882650195580158 1.562489631875664 0.07841721286872701 0.3181258613312601 0.8089623489019867 -1.2223477628889046 -0.022137551139351157 -0.8967083710241893 2.119423346195348 -0.561967804890325 -0.6453082786643908 
0.7256832878215103 0.7126646645237448 0.13429311732731047 0.16046980866068095 -0.7394487720692406 1.8890329477326229 2.8616840095117984 2.9463777857034565 -2.4136813716511867 -0.32557053226016025 -0.5252492088289359 0.33194744040485463 -0.11461580461216249 -0.6520236192427002 1.5108741654515214 -0.7765357141918448 4.235912834458428 -0.47067741937004154 -1.0427800370065003 -1.0101276581493746 
0.15739019885435943 0.30255909588062047 -0.24668241879697772 3.7126815511702755 2.0949259451504525 -2.505081678602167 -5.330991211384534 0.08385785286075252 1.897075037228065 0.4978719294260882 4.312249374529171 -0.700305719460282 5.585133277429169 2.2915622236284463 -1.6144856429094905 0.7855935713256688 -3.386265798358833 1.4266865895089267 -0.411942965842591 -4.040063260056015 
0.4657354939215183 -0.5192006033725248 -0.40890415214412523 1.0002272103807832 -0.356527431356061 -0.15930451679867327 1.5437753300461194 -2.1065640023967886 -0.625117680950296 1.1846012114161855 1.7801659212555612 2.706264775464523 0.9917692388601256 0.3295884862642664 -2.2804248215887157 -0.766164793571736 -0.6331975200777152 2.8512600091460794 -0.4061350906408359 -0.22230199890311358 
0.9122000152072697 -0.6298677042281611 0.6467075040764837 0.331016154909871 -1.0696011323499421 5.6700701630197985 8.606469135261992 2.0245037327617843 -5.412474477099094 1.1774191021532538 -1.3656168080391755 3.539574451875258 -2.7201438881597286 -2.452268114220625 -1.4044186899080908 -0.6212775662574637 6.6435056856254135 1.1762419519086613 -0.22186002073174346 1.4160789613770548 
1.219936282182547 -0.5469787640346002 -1.3282471841392942 -3.353051776094537 0.7413058905688016 1.1650504304553206 0.0017132009287283462 -4.338895819348065 -2.3239923246378376 -1.2063341935734857 1.7052513790391752 1.1039849036968814 1.1394222510446996 -2.071139167377027 -0.8534269430518334 1.3667286154565443 -1.5510008659477443 0.3140218057475436 -0.6036206430012705 2.0914260970381173 
-1.5788676533185255 1.4091465684737121 -0.9446092212003371 -1.2768882969369078 -0.5261137381352715 -0.005850163656498427 -1.104945125085309 -1.23668939218979 -0.7005814251508747 0.3131300090933885 1.0286828845160096 0.837534226382126 0.9947463672914545 -0.884061979672111 -1.5540213271812289 1.648599421923329 -0.5129481273567017 -0.19812835278587257 -0.6001940673664544 0.3286987669799952 
-1.8047803930321316 0.8403803900883284 1.024657232580032 1.2176991475611425 -0.5722161910468435 -3.084637505958883 -0.40057044456941854 4.975806568546992 3.0255644370851575 0.14765122388852153 -1.9714509890277958 1.911608510360407 -0.33390282033884816 0.04146302280210536 -2.827807513066604 0.10022534022245945 1.4550109343780235 -0.4711481736317058 -0.6667216683802231 -0.2631311810331226 
3.1003040818483147 1.9892420928660413 -0.2106058565980823 -0.7220924887284776 -2.7612860953020437 -0.0680860273802564 0.4686535693418395 1.2277500112087667 -0.6958616279500547 -1.974440737098674 0.7063379009719994 0.4190364051528725 1.2366346744522099 0.6056237994701714 -0.6559097578129965 0.6284135554941078 -1.1013516393524572 1.5240934442583354 0.49948373183100647 0.6430169359532071 
0.8050413615564992 -0.057836437890338446 -0.13030794374303653 -0.9225480196002318 1.0727894914401608 0.5234799482600916 -0.07562286322601534 -1.121413116360481 -1.3550765664095874 -1.1311647255415003 -0.3542717498518891 1.3643997430340096 0.7088534854486679 -0.054965338706859025 0.9065019595654938 0.6292554044746068 -2.162232351061082 -0.898997733004326 0.663671174366308 0.9659564089245941 
-2.4706122304388596 0.6636475207917094 -0.25369561636242766 0.17244639996635336 2.09107453775522 -0.7630189434020497 0.22903759116911646 0.9303542340712673 0.31637139978152334 1.3436782312994224 -1.8566407447342674 0.9296645465141347 -0.8065849091259385 1.0442693789138238 0.11347151170039356 0.5710447398143812 0.6063859348388845 -1.5303141237447824 0.13197141691155362 0.3704882654886097 
-0.0619201868188665 0.7224063068303569 -0.13111454695933897 1.079304955834999 -0.8285443320348247 -0.37758659583400644 1.6481415170741642 -0.6721442763218126 -1.8579005155921702 -0.021481244035492935 2.333324314049667 0.4743011945954482 0.8679099121542084 1.356501800771567 1.7150257418284853 -0.7282672136416702 0.379390050328442 0.9130123813774699 0.31662730962947444 0.728830026237157 
-2.045504188898213 1.1520005440076886 0.7371483944801771 1.4451177697662192 0.6558304606166857 1.5824644273315116 0.1408872669626639 0.13322387458495608 0.9020780276407477 -0.12868697605762872 0.0026800619175803083 2.5322963562730982 -1.702527907510981 0.23435795180597355 0.31196721310954767 1.2758865508217339 -1.6608007840675858 -0.5222893480733389 0.5215174682125923 0.28057829677199136 
-1.579194773006354 1.2358980977053138 -0.07174682348794469 1.2873124683100687 0.7681859601752461 -0.9537792650430899 -0.14319825839352468 0.9655962540408456 1.0435915380461993 0.13535309626912184 -2.2925448200196787 1.892309063192636 -0.30304019636714696 1.9336327458763733 0.9286318587652426 1.0270724816290324 1.3508654185167899 -1.4493206089011195 -0.0798856560291669 -1.2917715319291738 
0.9670558574423348 -0.4911132664385395 0.45050380039238064 -0.19739806319797787 -0.778981244939642 1.0577553007990717 1.7527153383128857 0.519904401889249 -0.562079345683636 -0.5739176546125215 1.8065099732249918 -0.8320423894995793 0.5738890201584008 -0.7085207499915339 0.12808491186969706 1.120755379654267 -2.151498127210384 -0.19188974478639484 0.8580917758039162 -0.646041702942644 
0.3925156252032859 1.6790474429087254 -0.5696627804997134 -1.0132129100339446 -1.812354841950237 0.7267627313137223 -0.7617443701603817 -0.2337983303073998 -0.35310434613786706 -0.844365500325001 -0.5519933260209411 -0.45213012218498766 1.2730912472633886 1.399107447007137 0.8895321399936885 0.8156281346146205 -1.0435028556765358 -0.8600821667358756 -0.12663694943439774 0.02350041575467043 
-1.853236806781277 -0.03706400454035792 -0.23337229045367952 -0.29047552442923696 1.205981257388007 -0.3994955389606804 -1.855651827612807 -0.32407012194394924 0.7876698871208034 0.7308949338248867 -1.6412633130534098 0.5681281371915337 0.4862900245829821 -0.420385473466376 1.9129156828049052 1.4045148601627198 -0.7272356911329394 -0.9377311709811814 0.6172563989037002 -0.25047938079805404 
0.31419836586439504 0.10000486566939969 0.1948597060349717 0.15959478682510167 -0.24048419031139523 -0.9521959124250879 1.6959008469848036 1.212607157035666 0.6585383514336879 0.9504818024331204 1.5850092120910728 -1.365518330818156 -0.573700028521755 -1.6308605539535703 -0.5587070249002843 -0.3670365334753286 -0.6410982750905989 1.2374593341681372 -0.889766268805104 -0.6028959441554044 
-0.10056562719187974 -0.25239411326161587 -0.3864397632586485 -1.783705528072306 -0.7665028160594295 -0.36793646838494537 0.9269101095538038 -1.37809909765125 -0.6311449642431101 -0.7973353318929461 0.1440119404286348 -0.5749523770281332 -1.125466673239728 -0.23414148103484808 1.861674870037431 -0.8283257361250164 0.5378147202044264 -0.24808888551627203 0.48870260055875314 0.6188801733046357 
-0.799721435294731 0.4418101091234812 -0.5205331108055462 0.18807546353266205 -0.5903567375054644 -1.0191317409992535 -1.144158482988094 0.8866108320284511 1.650281430184799 -1.0915328696548805 -2.2677424529106616 0.7192771365537138 0.4507620694078377 -0.321737789738931 -0.12984103661162802 0.9567912842383429 1.433668315971988 -0.10770163434188935 -1.0100804495818214 -0.9518219094917837 
-0.48259373705159425 -0.59547906381157 -0.15832279125829024 -0.6203604638654779 -0.38310425367497875 -0.21075955959388576 0.99585186032482 -0.49840565490667244 -0.6322277395126177 0.36428456707523127 0.4993834152914912 -0.26870906896778285 0.6472763761883427 -0.07721688219087365 0.7446783319413626 -1.2419772764555994 -0.45573860888929907 -0.25436578541953236 -0.0015293691124976274 0.3636381995459641 
-0.791153813493546 1.060997942517873 0.773137559990852 -0.05348307205895935 -0.26083651671589386 -0.8241233230846159 0.5159494600638765 0.81879641933767 -0.37259693524290316 -0.5110791640868424 -0.34182182700817 0.03273660056659109 0.9793437250090199 -0.0433738159002554 -0.5879123203448743 -0.5226919845637551 -0.7081332471639313 -0.8687804211228863 0.41705048272419726 0.3756056501283755 
-0.2573353922449712 0.28461672882566097 -0.6097602916991304 0.18159870241598042 1.489188004609619 -0.12012538376282714 0.1887063228938148 -0.09546231612030086 0.927426904134975 -1.1479472787183858 -2.909829965018991 1.187780011447025 0.6350686088756659 -0.7017826805419838 -0.6398611078101628 0.6281309339905656 0.8740354593820855 -0.014892258880373418 -0.1947618952865206 0.27623669740486684 
0.5616720901389314 -0.7851819604829012 -1.0114599195557448 1.913159900189231 -1.1846443194300886 -0.030679266054956668 2.1871630046308175 0.02812175120634538 -2.3949450128446417 -0.15137853015299824 0.905725320044578 1.764771882579258 -1.062696578920329 0.4607517198941974 -0.5763905860517279 -1.3410858775902017 -0.8816102945195919 0.3122218939816712 0.5073468258534701 -1.3119221265762735 
1.0457883904040692 0.25200746336863344 0.04144546557784738 -0.7020078703598536 1.5902298776451933 -1.3409607175473182 0.4522635631947547 -0.8202944314655003 0.40706572413467534 -0.24253698658684952 0.402834858994672 0.7008308161337095 -0.27962657068705826 1.3762120482785438 -0.31602189385915097 0.6200994735222711 -1.6818899200770676 -1.2633724433806415 0.46567087581469546 -0.1761981836450859 
-0.8779686727899104 0.17528823376541683 0.5718521117288201 -0.15138348154486578 0.09970093516353278 1.1866010690815938 -0.07636788219152241 1.4005660282821941 0.47456049983369764 -0.3465857116609448 -1.9427763274128165 0.7744799810996117 0.7875524718663489 -1.0023821346383068 1.2808756578692366 0.35885139988921055 1.0536494111536732 -0.9978438637579383 0.3514049940060738 -1.3579315331685213 
-0.24118263301913617 1.8503199406549153 -0.33698763792171266 1.3836262619447348 -1.5431923422684721 -3.5505468404176628 -2.782540972332908 0.835868074139895 1.2366672498654785 0.3160463292290663 1.1973209873540063 0.5087704087475641 1.4022727823591745 2.490122229025302 -0.7035944575875476 -0.22981357004119307 -1.9237352736754767 -0.4844840972792648 0.9403546599193789 -2.4814063214977202 
0.0023231222748545137 0.7362089678908407 0.09580364164233957 0.07732519529491165 0.9883378967236317 0.5084123699801183 -0.6106136240732695 -1.3707150403257709 1.0437332783977928 0.4237071894895464 -0.3988414823945286 0.5802118226553582 0.09596142449108043 1.5774747607108226 -0.9482082730747162 0.5566216049224296 -0.15264541356412523 0.10144728929377617 1.0319451238332524 -0.23369327148278496 
-1.1140344668440967 0.23001556720795566 -0.06958046270795021 -0.3524160510928504 1.037936923400135 5.065351408649137 4.282337713231265 -1.5276597469205917 -1.6734471875675643 0.09560356706652966 -2.643951255753406 3.390036079060435 0.2866772150509254 -0.9198477138275238 -1.4027870261437352 1.8123902752580927 1.8390164342521953 0.09133567017481371 -1.3846561158784292 2.058018526685994 
1.5368438149286467 0.903327573528151 -0.3544279856559598 -2.70231000425027 0.6834993992508717 1.9406696533487027 0.8352453433174212 -3.873747763143405 -2.802035544751839 0.0826498379267947 1.0767802513293145 0.9922739564106635 0.5322809356197373 -2.0009502773301446 0.01163921598176573 0.44054955888415426 -0.5991838651642459 -1.1588884973272495 0.019295046056046698 2.5260391613361293 
-0.7700984373214259 1.6502446268306472 0.21912130526963236 -1.7209473491964822 -1.1410268238178112 -0.8489367342676235 -0.6315322635113867 -0.8379762119951519 0.25042208719200243 -0.8612062639514892 1.0819208949790184 -0.12686226254630786 0.7389695894582075 -0.15880159048250406 -2.3530727514734386 1.3176218315796755 -0.22513540792400516 -0.5706098894625846 -0.6889830064315782 -0.3440692343652181 
-1.622157962010265 0.5395236353243659 0.350342109255298 0.6379443161917993 -0.9132776859137821 -2.1326988772487234 -0.3152409905029428 6.300908043561772 5.661805579684273 0.13066389131939168 -3.3548515769028904 0.5864413553797987 0.022872976607465796 0.6664550494859508 -2.420639277130128 -0.543384807956867 0.7677349083140966 -0.5121946787021556 0.6627889417494613 -1.4425878680793893 
0.9916797357758496 1.2033948940648735 -0.31405220771790177 -0.7304562294909657 -0.8976684314072553 0.5958762381823111 0.23222545040142714 0.9915119379354345 -1.1644119114392444 -0.4282565657171152 -0.234783935210231 -0.046821266855789856 -0.1930906679566189 0.366610246520622 -0.8148201298299644 0.46508409144048907 -0.08975267912737236 0.9448958249704059 0.3507349018814442 1.6449937407064514 
-0.5802397025423822 0.06015298822165482 0.031124346858945513 0.5127238115372462 0.26138937959894004 0.10175178185253468 0.1367187496001937 0.4769229567352886 0.7166068773620182 -0.704613134965907 -0.19506278645105585 -0.4961549672899544 -0.5030482793425283 -0.5997781490384781 -0.314587540774544 -0.11283330902231553 -0.4101498580451975 -0.8802073001943688 0.19715585134339766 0.6125012590953505 
-2.3098559828354723 -0.11970761278615126 0.11029266523390409 -0.7511932812053687 1.6417190720213122 -0.2805779308493703 0.31548348351650857 0.12831050296105656 -0.07710930715325863 0.9955101165405114 -1.2178244783413887 0.03325576336772529 -0.8518902824389626 1.2001092994100049 2.7220889668052224 -0.12171809355288796 0.08627523776088777 -1.598783251383305 0.14712737893200525 -0.5155817238191273 
-0.9107516964163842 -0.424332856751422 -0.20588040890235806 -1.2757963571613296 0.9507477954746179 0.9968442597828279 0.47469195058571245 -0.30020791857839807 1.0169887039964218 1.3170225907355229 -0.5742324339689625 -0.6710060495478557 1.3133930769000721 0.9099293008253607 0.7791945487276886 0.12824038003877797 -1.2878781002355038 -0.6415302450951311 -0.7356074763896491 1.1003760349880831 
0.4626260715445876 0.4822913401836764 0.34544585416730894 1.272587536585128 0.21427085392084386 -0.6053442928948516 -2.090382386036859 0.1349149714765275 1.2054584798494732 -0.14248287633374931 -0.3258894533900185 1.04247409632372 0.5231257306041329 1.197454495059619 1.9620424293907184 1.4907235690915341 -0.38220322443437654 0.22042073771519707 0.5722181726955821 0.08324430820567641 
0.212773203538543 1.5829347571129184 -0.4921381356938432 0.4481048240637454 -2.1601465039660446 -0.3863479622620406 0.03289908335703787 0.9809045249177429 0.09972786166387808 -1.0759871473616425 -1.2668421080870178 1.86067864374091 -2.0837467637956917 1.1808403798010791 2.0900134155104433 0.7120124953735244 0.9746187139686271 -0.04699891312932501 0.33350314907385026 1.0733047196935919 
0.2829828733129539 0.6117463380253593 0.7244548769323967 -0.14559941278536412 0.18593910244656728 -0.5501498157148207 0.007105015796040384 -0.2712116811669262 -0.1419626330128835 -0.19075482784808523 0.9354656153690238 1.127207805409393 -0.6893811922467116 0.6225353008022412 -0.6811949676535626 -0.6561762209185744 -0.13742174489169837 0.9615721704005192 0.14933398253026436 1.2367830166782734 
0.16094238484589876 0.32093087637902357 -0.7804830959359951 -0.3447444819003578 -0.1144611404944512 -0.2661696637311881 -1.4314517384700813 -0.2070282485414771 -1.362109597395627 -0.24318426471350582 0.3949655348035997 -0.5320780476104947 0.5953447011064978 0.5285389239394779 0.498875818409228 0.016979222683654458 -0.3194114215159552 -0.9831124269227406 0.6995686874466833 0.7682292459007543 
-1.0875819762815953 0.7466034763166058 -0.8182055939047607 0.8093375969956682 -0.7013251337133336 0.23219381021829122 0.9984794497845467 -1.7890433019704308 -2.4338553600934327 0.07579444406746749 -1.3844583100739105 1.3683068687310702 -1.9354933482578554 0.8311797723510702 0.24368232694249098 -0.20410576470341618 0.12070962904566462 -1.0095962782026844 0.36669879608393363 0.7335865003936809 
-0.5300947933033515 -1.2633058041708722 -0.9433129594645854 1.1501899471005517 0.10281551041240242 0.6165599484800177 0.6456965771633526 0.5670717081757395 -0.12018402850124728 0.4776053272653467 -1.011566117108639 -0.35554772322464334 1.0270346338252891 -0.3935959896403076 -0.05902098435434201 1.1495574170902343 -2.342346002125534 0.02692132365138243 0.49313958565589155 -1.0983473414575107 
1.4399629618907386 -0.2201183710105554 0.30672799280477986 -0.362432083563541 -0.9936633456253271 -1.203728085103452 -0.046515838277198726 0.09826335169410949 -1.5637792647956135 0.15513372792363334 -0.17617682103154947 0.005269469773548176 -0.4882597500022292 -0.5060348063284819 1.5555509816921775 -0.019823158392775705 -0.5883889116723473 -0.42028328989842884 0.7886889749572444 -1.0487147951473883 
-0.06246731910596331 -1.4761377649887313 0.029922451069517575 1.2155787586623479 0.30663694672899583 -1.0014421487392693 -0.22029458716131503 -0.5714568909119079 -0.42768766860427737 -0.8154726798875137 -1.1681250516737207 0.01522526841057169 0.8770855060292938 -0.3931565953156804 1.1921270856258055 0.9105682697208896 -1.3452155210025498 0.23512514141767332 0.3294875146509301 -0.19224747324500593 
-0.3936241896289049 -0.9440086268083666 -0.6190976735135965 0.44966567030463206 -0.652818081623879 -0.9534264909176001 -0.720743681784517 -0.6462855512578157 0.6768349156555258 -1.0334601222262034 -2.1591413534065085 -1.1723083733544415 1.4999309826294869 -0.5789890821167168 0.3647787040611519 0.5558650160094063 -0.8303876760291915 0.1905549191126204 -0.6290804765157683 -1.72714347118971 
1.9077839793868356 -0.10621534329333843 0.09524787880027298 -1.19250994713772 -2.9729703842088675 0.04249324442330027 0.5863714341675338 0.2777783408071456 -0.918679974467555 0.06029547218183164 -0.7999021056217044 -0.11124403524300637 0.02910319084442454 0.9416722788777638 0.7028651261738954 0.4334407431519681 0.8072622472471599 -0.6247857858205978 1.6222317319487973 -1.099409571256335 
-0.6050894891241407 -1.003793557062558 -0.7656144134108038 -2.047336339752256 -1.8248297610927746 1.2659567006553494 0.8270596856795696 -0.5511743658596931 -0.5523221616784044 -0.332520768939541 -1.303031382433507 0.7641808669365959 -0.38336030028852436 -0.6188531723225611 0.3449449099311126 -0.4719240086723693 0.2442400101833637 -0.40667710044025973 0.10751144193361128 -0.3374475964252091 
-0.8059510297985695 -1.1576295739561844 -0.7219893592429147 1.6701913979174652 0.8190617983829112 -1.1764418759012527 0.28207646180630386 -0.3522781050240062 1.4355744941084165 0.38749910142943983 -0.6734768517248269 0.698810613336163 -1.7686567565311206 0.7800220051683432 -0.03495223979685531 0.4146709821123892 -1.1823911023327125 -0.8950167683135756 0.22399591742504624 -0.19791198213777794 
0.44586191286078486 0.1330194782835649 -0.6344258359367986 -0.5342774187307298 0.671250670591328 -0.7546827115055418 -0.2459693831151432 -0.5065659892619117 0.3544163213950217 -0.23396850017523593 -0.15635181951312088 0.5757733381469194 0.1501060934263309 0.8894785279522609 0.18359654461252967 0.41120843253419626 -0.145084109529119 -1.271688688797877 -0.13088662391168776 -0.9402921017821606 
0.5203840852330672 0.3572874572484144 0.5378301311164193 0.14901269866916225 0.31075425187993216 0.32929947039325963 0.8359573470096595 0.3314503701766084 -1.0818846211664175 -1.5801810530832217 -2.4245849823114405 -0.24753381347829168 -0.3376110664518252 0.19379206653238268 1.6520358401914828 0.830605111807607 -0.5150199730906998 -0.30565270126997934 -0.3652440263469064 -0.36735718480980156 
-0.5020731689897502 1.2236044834320157 -0.3710906657263025 1.504708551268562 -2.4773830408498316 -2.737567095049174 -3.0605516007130302 1.8675736477578266 0.8650395608590288 0.8244636378067373 -0.9162078251608319 -0.37811449195512503 0.785331545042465 3.349296164683664 -0.462710676692109 0.7980395725536241 0.7468761054249858 -1.131593375050622 0.5955114308471088 -1.1861364144806352 
-1.0110453642855939 0.4696394448070609 -1.0627475475352406 -0.42829593769009583 -0.41803912668052956 0.47217835263896096 0.3813133311659919 -0.6900739051775899 0.8108228702672103 0.48153766371986095 -0.5257867788863401 0.45900107606944157 0.12867987278368512 0.9159423317561486 -2.034725405073054 1.6080379758083845 0.026049829286893297 0.5897250243509583 0.4694258404788826 0.10945640065820285 
-0.49292719780277866 0.36779633067730433 0.6071942532003768 -2.2422707691517756 0.8370227927887586 5.007135224400199 4.572141750924123 0.10366377324152215 -3.8678875639131416 -1.3430508028212274 -2.778690533596148 2.1011618294359136 -0.8936773968858978 -1.036287704985345 -0.1554643669233207 0.2595972347889936 0.32567198175768347 -0.1535619072319074 0.24064846589168373 1.1298538233418693 
0.8669996275608026 -0.27129829726287674 0.30700477526271625 -2.211807261595066 1.6939494236966322 -0.12409874392635944 1.9955567583980924 -2.9048248456662633 -3.3479337735987453 -0.06671662664776772 -1.3857976788918693 0.4698990129920793 0.4402373326794143 -2.4978087008617718 -0.9919880146781376 -0.9394219923346725 -0.48179302751190856 0.500921906739631 0.334664077366639 1.870225275393059 
0.1695053462932504 0.1897417420386223 -0.36092582751907715 -1.5303991019087397 -1.8691800684391646 -2.3242447494556018 -0.049205704889377457 -0.43074598069019304 0.6304202998589109 -1.4057974929825916 -0.8689078432616142 -1.657350832446866 -0.09181745457277823 -0.9594124281147368 -3.042365502098809 -1.227225737449375 -0.08400494533911201 0.6256410664904043 0.9261919284286826 -1.344844749234562 
-1.3821993146254088 0.2554628881512245 -0.4858653295536057 -0.8360057880168879 -1.5663216993684903 -3.1106426508321174 0.3447706311839379 4.2239544329569005 5.250275169779836 -0.05322818001795577 -1.892918172896333 -0.05910580933612571 2.355333033503551 0.7780763049214423 -2.168074770285273 0.18428200790358096 -0.7764723106125835 0.04676440676235567 -0.2342130699686532 -2.173488765021525 
-0.44670808788540417 1.7479998313672236 0.25669062646934615 -1.0928760479337956 0.29282274628055516 0.2678709851818663 -1.0506392883068136 0.3916518345999431 -1.2426821648029154 -1.0402743990867265 -1.6158650532778478 -0.4434796104130316 1.4744111129449744 -0.5844878103103726 0.6127912928991985 -0.19909327096495738 -0.09320636166356212 -0.27460371341383294 0.568826245606121 0.2015688717713692 
0.49686864155580907 1.289885211853662 -0.6811213309827231 -0.08332896129795557 -1.9812957246334773 0.49024483275041925 -1.3745188487862343 0.3205038528673507 -0.03875095887483282 -1.1920733856097734 -2.2965481246856627 -0.270279522152672 -0.9233385816496649 0.5279354742052625 0.036989808494641875 0.22123754907689502 -0.858540546881526 0.8925330778102731 -0.23195581999778228 0.041981129824901396 
-3.358060005380016 0.08026913670233192 -1.1132500484803765 -0.2259896115934308 1.9622604579802556 0.41639777062395067 0.6694315148296235 0.42097839412913646 0.20023328342102076 1.4291614856685793 -0.47230249636715804 0.6431687786319326 0.06265760628841577 1.5232072180635656 1.0323640563655418 -0.679771922439982 -0.5798228920631445 -0.7759214078573703 -0.2979792287812679 -0.06003808225711373 
1.0220086188061683 0.8319547451404175 -0.7087578071262763 -0.2919180535525992 0.19534461545053025 0.41567473499642094 1.1551784113669832 -0.2501409541806895 -1.0953623132826193 1.5275267145791138 0.21170209646646848 0.43477286403227744 0.5708953271477153 0.9968820892586 2.412159225087626 -1.7902249454289774 -0.29817807470789 -0.45899356714741546 0.24446769380857275 0.2507798198449564 
-0.6446552855939197 1.099699838839913 -0.31223532282447297 0.39575212767098467 -0.7762346841216278 -0.3526168833662944 -0.9632316865507081 -0.744128537304433 1.023129474540495 -1.298674919106732 -1.124015488111187 -0.0315039556451834 0.020172244239478426 0.9386470542826604 0.4205087145522907 -0.35474165257717843 -0.9421413680513478 1.3925010132842877 1.030413231170849 0.9724956753414163 
-0.8907391056086321 -0.46796069615094704 0.3797055484564909 -0.9650484356912608 -0.4335976650965454 0.12645399586575684 0.015504376289692349 -0.6345384613773695 -0.4537581680898877 0.24800320926297345 -2.2536618215230124 0.6464735375521541 0.8123898336967316 2.0207966269490543 2.577042064607869 -0.5672250830927977 0.09900380851085562 0.20327817405829987 0.3406858641780598 1.249143095833567 
1.3782048947372334 0.1493115218330907 -0.39789927838559047 0.5723245477024084 0.19860110094027314 1.091080259783236 0.8171600648162113 0.3198832546061723 0.38981650277593655 -1.0234853744442198 0.7316936215733135 0.17938075819791638 0.030566982817128604 0.6114285083216334 0.3407960917215663 -0.39856992073450603 -1.1824629733145964 -0.12378201850596213 -0.6947796894644666 0.3580274192298573 
0.810462838116947 0.5390364530683506 0.41981085930519835 0.560980820699714 -0.4165500653685481 -0.2232721054230625 -1.5468463138908244 -0.2686318330997873 0.06731274110927148 -0.9951628520170526 -0.09193840330338797 1.641258560828941 1.6822787601779627 1.242285646121277 0.901309260179403 0.4760880186302522 0.6085836390183176 0.13937969257388266 0.08164772422538749 0.45872549624352377 
0.1502311394232705 -0.40920522604161935 -0.7685233950253433 0.8326843368869894 -0.7130607749568838 -2.4476278285021844 0.34380861506820504 -0.8451312842376588 -0.6556009571786492 -0.2919677878923401 -0.9739237062355234 1.8280620400035839 -0.0896072121194249 1.5545846144273376 0.8153570446993438 -0.2373437339511741 0.8710592042354343 0.6855352178983115 -0.05602950150150733 1.3049866650820396 
-0.7995373740916474 -0.6621807382610775 -1.370542573577852 -0.17946297415778592 0.4345843331548356 -0.45125185841291077 0.2732708447603168 1.1319627919254815 -1.1619149909587918 0.7372820569309801 -0.34425283106435023 -0.24997131938951853 -0.2556874756101861 -1.0231262897489635 0.9202768354698688 -0.8025765000708488 0.22775440790147483 -0.12681260243470763 -0.5199628137304384 -1.6333725968791561 
-0.17266953795475126 -0.518470802357098 0.4683362298348753 1.0086140411191975 -1.82921461328572 0.1388675531216776 -0.40363577027559466 0.07131798102483074 -0.6193078836539132 0.11201947625437715 -0.7297627592035821 0.7916736834039996 0.3676992989943232 -0.40644395116679755 0.15874574947537207 -0.9247007587537676 0.5932314207664875 1.2603431010695905 0.2851862752813704 -1.337081575572816 
-1.4066408240880177 -1.5779239983238071 -0.8933201669477375 -1.026407706777985 -0.7541965193379011 -0.17116274860722153 -0.6616145909712355 -1.0917864229670124 -3.106332562459803 -1.4193563460200431 -1.3784667738908398 0.7875216828248524 -0.7412978782273302 -0.17332504613898575 -0.5092290715266296 -0.6860288464657335 -0.6095406433448263 0.5088918431550951 0.8581514334168309 0.38285987446611064 
-0.5520117959188114 0.22762417011490318 0.29363138546833023 -0.3930313344324599 0.3705957888492403 -0.47847321961576395 -0.12242466306687767 -0.17401377939050017 0.37902937196726927 0.7513294059029446 -0.9943122531585377 0.39156567175411544 0.4021888908796558 -0.27684738471852094 -0.32461176330346714 -0.4718343938852549 0.12386159407884441 -1.8790603806568051 0.7407319542971587 -2.2810714440207844 
-0.8190410650763918 -0.013915061081719604 -0.8761199999860877 -0.04021168679824517 -1.7920184311709328 -0.3912495146643657 0.17014971672147483 -0.22628527803488716 -0.364532300129383 -0.3240047656576796 -1.0567870989166979 1.1782746422244956 -1.0601383170739314 0.02854116338133777 -0.420218052416635 0.04686366477649823 -1.9497309925009263 1.0482450519175457 0.32216356039175625 -0.010641850764386129 
-1.3981869483563405 -0.31306498821530276 0.608466247775528 -1.3469168476988942 0.48979149167973957 -0.36701921570077783 -1.307184841222576 -1.4105288031185106 -0.4418513498035544 0.08369707472340152 -0.7611442466949306 0.25165183555640697 0.9278289105839721 -0.7922915062221024 1.428123615685642 0.6194621876967933 -1.82289981157975 -0.1307839490499893 1.2532598733029914 0.2787390500505497 
0.42045366864762307 -1.336239289287874 0.35513109886975147 1.245535806721685 0.683162975098442 -1.078276531675944 1.7651247736677562 0.4425441984692139 1.2333315674203609 0.8589962315583642 -1.2811152477030654 0.24831976378181642 0.03548278120855709 1.4407891787531821 0.12465096335243464 0.13473791115847392 -0.24512693324815032 -0.3666846761224229 1.0034297937939725 -1.260253936192977 
1.364569233645213 -0.8519405511659998 -0.1206477747380072 0.6097263393371228 -1.262737303052252 -1.0388782485622436 0.19506758162303167 0.484169993418207 -1.069999413286195 0.02117756152277342 -0.4600116461359344 0.8782614514793929 -0.33433637157723917 0.3608116161811229 0.4194388770153579 -0.9555898167512227 -0.308048063404851 0.7093387007655361 0.6397287191185298 -0.1044785013300683 
2.573881670538185 -0.7900796168220173 -0.6164008769655945 0.2733966030837586 -0.7047316849422913 0.36324052486462616 -0.6503768227689873 0.4524057147787886 -0.6554881210147487 -1.076476393403536 -0.6922602848399122 -0.5032352849876622 0.12944784091173733 -0.9071068977330877 0.40479097119943 -0.06520871264067012 -0.6281325453167003 1.0862208652147776 0.9517420147323006 -0.7047281198863258 
-0.8265605617959859 0.0379802597615185 -1.5666506785097924 1.7991626666802774 -1.2224980014855522 -1.287772190919596 -2.704933246186267 0.16640443511864814 2.6483905188278563 1.2120079949432276 -2.1774917285261703 -1.9544900502422229 0.7783529273555967 2.5081980961336963 -0.6669739509966838 -0.3124871591448937 -0.7658205932910275 -0.7562372072973359 -0.13244671404456457 -2.7557442547256876 
-0.9058342452347807 -0.8246159233454208 0.20996999187351037 -2.2179369073333453 -0.1146148820646886 0.1463459049057958 0.7899060997874199 -0.9962246159643484 -1.4574920218677394 0.7104872372978271 -1.0008057971112279 0.36383504668531785 0.6191220272287121 1.1739573045064218 -0.18712872783876539 0.30219055347237 -0.28371695127387164 -0.9259674550357047 0.09751797979471404 1.4386449724488488 
-0.35704423253154005 0.18027622699705653 -0.6748048134798175 -1.53638076159065 1.7384471021892298 4.023474479955588 2.3741939456299557 -1.845481524256638 -2.6884200008707495 -0.6395287797568848 -1.813640725259386 -0.889609525930371 0.15768702615395527 -1.1962963161893048 -1.2081437703300493 0.8091313903164549 0.0010382534730969677 1.752046496818626 -1.482410764921405 1.9220803118256469 
1.2288932845687037 -1.9033430662338002 0.33803182506931706 -2.479586091581961 -0.04952972034792456 1.2320872305770436 1.5582638137752187 -2.6983421625935624 -2.494099575256066 -1.5037544833603447 1.5478992366845483 -0.21979870912794933 -0.9557641834270973 -2.1837700373448556 -1.0645904788602591 -0.6092294963099664 1.4222611983816578 1.7588510680236875 0.05310806880738364 1.8471370098713882 
0.37572751392326587 -0.03155704090395435 -0.32941273777483226 0.1088521358750664 -1.2048426995210062 -2.225648203585049 -1.6777583012484172 -0.6268958900397411 -1.2720917222881682 -1.53491080254939 0.16201381110740404 -1.9821141501369002 0.2033465682988841 -0.2663419804222943 -2.1925085547630148 0.4730229482881997 0.3420423077988989 2.061149913796492 0.24632611244744101 -0.8953284252067073 
-0.05639928848411204 -0.0540035267484787 0.13915241108970752 -0.26666818649282176 -1.1126932847959385 -4.254565655986513 -1.3066588181252021 3.1112698187899306 4.548370270514088 0.6379253395459076 -0.6020728195216575 -1.0901181544809384 -0.2447735271571158 2.0408110541939326 -3.1467618475174373 -0.991378198253515 -1.027027723180331 2.9859083632877548 0.5832379635082245 -3.182708669298068 
1.0668120962948775 0.36002150962641233 -1.0643599177082577 -1.1524059163854632 0.3685467960682913 0.7399348535759162 -0.6657543277774937 0.47531746202015407 -0.08492002740431003 0.40520195095646433 -0.7106409325976402 -0.4487796714640318 -1.2351777632818828 -1.2169838201373226 0.46721930725842253 0.2248976568148073 0.7239878087856464 -0.5072118211373988 0.4017524560831623 0.7359485239423017 
-0.3595269812240078 0.2913794559689772 -0.5155652490177062 -0.4798765494677889 1.455579926032104 1.2162740873789288 -2.49718708578113 -0.6682085576394027 -0.6832405905685733 0.9470135751814712 -0.7543158189829682 0.20264234449542667 0.3287197563180761 -0.7846270099013682 0.9084258029850965 0.051847059032485106 0.43224108811395245 0.7771047911385682 -0.5934248283507539 0.014917619972505292 
-1.77638909116826 -1.1439209230418697 0.1281679150263228 -0.07156123351093938 0.7932160130882858 0.4974823418644306 1.0182341462371634 -0.16391351701731852 -0.9340332574007563 0.8221135333526541 -1.6513162696358838 0.8896349300798673 -1.3289742927915915 0.4957280808178896 0.38347302890872115 0.8043129796540569 -0.19132205172518435 0.4729034331220557 0.15272158082047366 -0.35319345736873586 
1.8386844782769374 -0.4379051429776755 -0.7007980808870089 -0.9612775145950294 0.28764859738105436 -0.38588800553871655 0.34452293698593056 0.11810439932529636 0.08659084439022081 0.0400685957491485 0.016936053168507784 -1.0535131921695573 0.4491282406539413 0.4206563414533319 1.9185944139283888 -1.413135802933895 -0.6504007520737499 0.3268646506894289 -0.7497403385321706 -0.47431821215885195 
0.7253922668632129 -0.9012805871855047 0.028303532403879145 -0.960958962958668 -0.01698532795468485 1.350381840735271 -0.5597919462908723 -0.7529753734732181 0.48265691536584326 -0.051594218538616766 -1.070656926403241 0.5016443787053568 1.0258821940472262 0.27322974775679126 0.944511965338208 -0.19718548676368525 -1.323728642653401 1.874719458185996 -0.36923237933067526 0.6249693601976477 
-0.06004363466209859 0.3713742072069357 -0.8277007827898518 1.046977386956289 -2.5747665010560916 0.4121645637864935 -0.9132949450684287 0.014668124193511324 -0.6788372054938792 -0.9275027639865211 0.35493099484215906 0.07621277519947145 -0.20828762422072322 0.8210033700970935 0.7301751260759252 -0.14101079676509212 0.38343053623203444 2.327388917764545 0.8971153782681867 -0.664082143292752 
0.7401768984414088 0.23753558719096285 -0.030603868791175614 -1.7136253990121406 0.5744563757825605 -0.3482615990718812 0.5415437357912364 -0.010704383224816613 2.0321027218456313 -0.4595168597432496 -0.10114599629099784 0.17810741196696947 0.5449716541431898 0.3201424030731628 1.2431561755432945 0.3348014034882372 0.9388845289523327 1.1298721233171483 0.599645213171122 0.7158432500215988 
-0.7729134358225496 -1.5112440665100744 -0.6800077113015696 -0.2078725417547993 -1.0807083462197897 0.6538936175947375 -0.6759296666408064 -0.9546415557520754 -0.7941508739422947 -0.12376255423832377 -0.474131632411024 -0.8275865786344176 1.5727757838719325 -0.3757539495946019 -0.042908433898213125 -0.06939331561783657 -0.6710931268247358 0.6580697194140868 -0.6818164625377581 0.37276452401610455 
-0.9366861087612267 -0.5305169785033015 -0.913452416812588 -0.9839741560069131 -1.292592327764183 -1.0029669689976544 -1.8591272297397388 -0.18277458305535366 -0.9140331437326902 -0.8079499375029846 -0.7019142505186802 -0.03380148931578323 -0.3717741745549375 0.8465997228555862 1.4368227577669137 0.2771863857564281 -1.6373190329541656 2.1601925985020136 -0.02886365018595222 -0.07947259032511639 
-1.0177223326296745 -0.8004569536904163 0.17539600140027542 0.8071086530366123 -0.4134818403032109 -1.0712578631490837 -0.24360215586913 0.8018569162916084 1.2990981191525945 0.40854540837548886 -1.0620602362685378 -0.35903653978437583 0.17879793540840444 -1.2517927926386938 -0.49938396610097435 -0.7687724131872289 -0.2016796835074615 -1.722456845156401 0.11917023502441587 0.701651577596901 
-1.725068047137727 -1.6195547712221399 -0.46949733337494287 -0.3816960900285357 -0.16396639916879657 -0.5592428930827282 -0.14152760182665408 0.19274944973631392 -2.066705726317146 0.5907962166201968 0.7142722997388494 0.3518557812141525 -1.3316008879604329 -1.0436344472914116 -0.03971421515273011 -0.12471797980956979 0.2897196409768323 -1.3367887833448242 -0.08459173808695965 0.4845493511422112 
-0.1985224716995751 -1.1854712269740106 -0.6612402952437684 0.61173497257768 -0.8099556152325992 -1.1092984113556073 -2.4341172026424363 -2.112637067690351 -1.1978392042239767 -0.7378622891431632 -0.5410365914192872 -0.9367001283242677 -0.5151968529222393 1.125452328837173 -0.34035932506924055 0.20829160889740064 -0.5296123082976798 0.722620247427972 -0.39139707913209076 0.4479166052118485 
0.3059510382888173 -0.3781878719953751 0.43301603913972286 0.8621735428463142 -0.16965406114497739 -1.9160673248483802 0.9521616993405809 -0.06512783419064094 -0.10239282121888864 -0.19929758916477047 -0.39821408894336363 -0.4947160398321807 0.4294917278553842 -0.05096578776324806 2.0143843521417293 -1.0663536356574643 0.44752892943975 0.14885609284009307 0.7212601312772471 -1.6201069685979501 
-0.3988438626614959 -1.060403604220478 -1.1462492355081029 0.06670629101502974 -0.1479142466252775 -0.7315567921749289 0.023532686820399072 -0.1829663417051672 -0.12832666895776704 -0.17629819844012648 0.1648800633232446 0.6218343092262817 -1.2661136759268752 0.18225584383013033 -0.24448987554514037 -0.026552751716018612 -0.5307251376695167 1.0807717890070079 0.09874877277201728 -0.18557553582805775 
-0.5299303310062272 -0.19332665685953593 -0.6974757074489571 -0.9549665543582961 -1.076595309338578 -0.6580448416608577 0.0036670014576661142 0.16793248040194847 0.7451547563217065 -0.16584112930637587 -0.5421121987830926 -2.008119442134836 -0.7771298738092502 0.09355452933587764 0.12326263015378508 -0.8121457093620376 -1.3334764614919037 1.3115868474602055 0.12581657259619022 -0.6265896246461178 
-0.8137103093613092 -2.2091756521486 -1.005844836937076 0.8062871517141993 0.8371012640962651 -1.373867766102593 1.0311850261154147 0.22241522121784496 -1.4364765836813187 1.257891448098752 1.2756648563072057 0.3807150362215276 -0.12955177468430742 -0.04921263529306664 0.12834160677222964 -1.3343328653528526 0.005114794124538174 0.03945322286785559 -0.586257335330326 -1.1697553042998416 
-0.9271153275017917 -2.5570214107400195 -0.08526853948434623 -0.19148690066126084 0.9500166361238865 0.07718536176752591 -0.8432242093133958 0.14720471367076193 0.05096766128327244 -0.7895002536702547 -0.30384523193290053 1.0158005987430847 -0.5462182566577589 0.15008554409384303 -0.9910173917191483 -0.42007919532159027 -1.5694581017725746 1.5630929135227365 -0.43567855286781426 0.6559202787148377 
1.5906903255837 0.386564376444396 0.0857069831894194 -0.8529945708951472 -0.8154955233680933 0.7360669819333067 -0.6689992588938668 1.116273953619684 -1.6070894923672923 -1.6822298995467375 -0.18971280413356892 0.01585082794805837 -0.11502592631619372 0.3743728287355644 2.0566810536046387 0.21423512091006777 0.5906868387409934 1.1562298406735265 -0.04767685479123927 -1.29809774184442 
-0.4786883324292521 0.8035036198345891 -0.897174479705818 1.3238178881715548 -1.3541726545577202 -2.0218280713464822 -2.596597595565699 2.1640907366544946 1.4601470952635922 0.8753664044689011 -1.0550076435347484 -0.6013670729808027 0.579460648822111 3.3426498979213832 -1.2553528734441444 -1.971975570035727 1.1577757782868974 1.7933685992766208 -0.2141517179781 -3.2217229790655475 
-1.4099773857611633 -0.3695888767411444 -1.029127688082207 -0.06304740564202292 1.0806264666517682 0.4061289819572648 -0.32637755774674665 -1.6689549792542753 -0.451164717846133 0.8532374945830011 -0.5064721514125713 -0.022543502930016092 0.874641854323264 1.4062027322449404 -0.8040006517304477 -0.39824070347603757 -0.00423482353071674 1.9246904733630736 0.7369470107244892 0.5994358022966929 
0.16121235115786348 -0.8929273952147533 0.9875089220861376 -1.7842061972724779 2.351333952155913 6.975234862931479 2.803695205233811 -2.313337669029301 -3.3966874903217636 -1.6286005180876746 -0.19273183254162649 -0.5883574819524079 0.35689716466342897 -0.3800048564940969 -1.1796140765295344 -0.21571639896482195 -0.4012195181500482 2.472730995813697 -0.594916596149788 0.34025203904711976 
0.08572700694537701 -2.823063851412653 0.03631520119036457 -2.1462405226131795 2.1815004647211014 1.6903663464849614 0.4617912883354761 -2.646313234129759 -4.118475885134076 -0.6402450119631259 1.9432686079841908 -0.004324423289065257 0.004123288812309832 -0.8432496045882376 -1.1842760763196702 0.7975426072292571 0.10896699551347494 -0.4455945531611988 0.17121498669346 2.8034407703176654 
-1.3498280248939232 -0.8749352063360032 0.3356837191783068 -0.3995177745574621 -1.114457190320342 -0.9476430411810826 -1.293892683600041 -0.018653688110855 -1.1053303602139746 -0.7661784728771623 -0.6894517020374672 -1.357192577988808 -0.10259365948827324 -0.818996129088565 -0.9787122329774006 0.3155318283668757 -1.0225516582351901 0.8807476421263016 0.2714250271839556 -0.29065957586185154 
-0.9358803400256656 -0.6331654215449362 -0.11283510571807781 1.3714496274166295 0.9405079367383112 -3.301777297033693 -2.3859214069942256 3.235570609134901 3.7751802857742573 -1.117737833150504 0.24770313645760092 -1.781681332750979 0.7458594260314004 1.4077936783097662 -3.371789464546252 1.0041323247537235 -1.580257522659634 2.5146713710374096 -0.20109064302695726 -2.6082357299470114 
1.5010651845480918 1.170849975680192 0.25585948641322376 -1.219093291696334 -1.2418437692955038 1.345894207005559 -0.7782387976485367 1.5849696551527153 0.522593038855447 -0.23412539018682801 0.18060690756680195 1.083380663892185 0.384115392218396 -0.906630136056937 0.5520238007139472 -0.24310110641945026 -1.036051635154386 2.3327198218151266 0.8549618245772529 0.39496985186757655 
-0.3591640050808393 0.0564573521224106 -0.6068220106351032 -1.0379762802236645 -0.20665841090783774 0.32563801837920076 0.11159592585404753 -0.3651966221732181 -0.7424376806217012 0.0692481872169492 0.7610305386017846 0.8219158785191554 -0.23097431923569628 0.17884244759322523 0.4945321723400156 0.4915031391540078 2.392459568400956 -0.25934725796266184 -0.4956114701300565 -0.775123021240819 
-0.8939437743227742 -0.7428706592488333 -0.31224598593658687 -0.31409376230703423 1.0198613002989747 -1.1100716521733256 0.657703921576889 1.1492450429051828 1.4619414905845385 1.217525620985717 0.6861628348875107 -0.4543717913350365 0.05216617959980967 1.3308209824309782 1.69106220984437 -0.36005557418202155 -0.7657947946711849 1.8342845200167812 0.017621424731005843 -0.971208104643398 
-0.7287717958956111 0.7374983908043866 -0.728321575461558 -0.44423083437485306 -1.5959227215192315 0.7663270009403169 0.4691589056392001 -0.27581911298942036 -0.6498150947281374 0.1775280409300336 0.17109332434990057 1.057206514961908 -0.29340021760729795 0.7507928380108166 1.2080325148193183 -0.8009109888446023 0.4080885306786991 1.3825704646191834 -0.38942879541199765 1.0668504365677078 
-1.3863052857763511 -0.3644445360086607 0.9364108288820965 -0.16306579014898626 1.6961544707676908 -0.3153654261735747 -0.8471938746615351 -1.3557906889253826 0.7389799157306912 0.8244921872790539 1.0217481359520162 -0.858222687866082 0.33132175330734687 0.4779389107750324 1.922884849061978 0.4562837209110259 0.5265448699659526 0.17675450451005933 -0.08737931606160544 0.20449554652291244 
0.01515312648543321 0.43351308894692314 0.20541462263916369 0.23626537509914755 0.7156565892501353 -0.025034069423109016 -1.40993990545065 0.20581271057262407 1.5045877498004576 -0.07947846163493737 0.6906521647098303 -1.4302086552257354 -0.5736776520394112 1.691491189612831 1.207089212271434 -1.4940013117736586 -0.1826041809121924 1.3580330822967146 0.7045870680426192 -0.9971432009621681 
0.054877632195738 0.635781388998872 0.8035397240988661 0.7620861340639318 -0.5597352969764035 0.9944540312998833 -0.33289280073990046 0.060807806623918714 -0.13419328213309392 -0.7176581143565215 -0.3096045205220175 0.6536142207435645 -0.7834966972740963 0.08977742856223273 0.5254182924687342 -0.250881196086415 0.024091787174467715 1.1513150766454565 -0.42347315020721177 0.6287737056170222 
-1.6433914434488288 0.5689735249699367 -0.22165926901462185 -1.8242045387898425 0.7694266988443833 0.4052735012247461 -0.5556326872817838 -0.8083262974854809 0.3619591226818255 -0.34898048749478755 -0.3410356627116143 -0.45456069438744523 -0.5391234524523899 -0.4190258714079357 1.141896992685024 -0.9691936567235598 0.8063906197207901 0.3636906436391773 0.04541733487589716 -0.6485000976952531 
0.24997439587868966 -0.23175227342489194 0.41784219988997795 -1.1464192981457968 -1.3977652548405812 -1.295670367108266 -0.3060355242918607 0.09383430288624756 0.013406107922965364 0.24629564367290685 0.5986437424802309 -0.7703068303060453 -1.4497984006251239 -0.012080507804103115 1.1708813833836045 -0.6169872934144182 1.0201158101480516 2.798007697505482 1.7108416376378124 0.11924734695369721 
0.7384242471016953 -1.4743715460244948 0.2582532619609614 0.9277042683235178 -0.32899069482675175 -0.2322584191318468 -0.07472424707604647 -0.019740566448690756 0.14819216750569178 -0.45266942695116114 -0.09649175136148619 0.2596414110616386 -0.6496360016113036 -0.6701689936622645 0.16781099471570707 -1.3937872869376535 0.15830845032463622 -0.6351010814954279 0.42596585949501387 -0.614833697775534 
-0.8006419275239812 -1.63893534140901 -0.04417714050410279 -0.20917249253685333 -0.12666600341418996 -1.144119781315592 0.3986008792246622 -0.20151366974234494 -1.4194887850722824 0.13539335606242572 -0.43591346690790117 -0.06318941056238983 0.047212716870657895 0.1716586452874218 0.136203955444917 -0.3099077671337845 2.1024019457933862 0.8703374668486581 0.3380400043181764 -0.7082360819405461 
-0.08118738950799455 -0.7580258998561227 0.6722002015679587 0.8151737121635527 -0.2330482925045218 -1.485972444711786 -2.110658465984617 0.7493239719855277 -0.49066524129340094 -0.641264652772786 0.17960868998481655 0.04406448308423084 1.914158337894373 -0.6248720142815598 -0.15935585446157297 0.06782346931753547 -0.26612326330255975 1.3941472558252885 -0.21082583403860264 0.5161392625101 
0.3974138136477739 -0.06173329094825401 0.9477179725976043 1.4136268512865395 -0.6617364680798717 -1.8381407684390632 -0.9047710864592593 1.0159551314707782 -0.9795312442922748 -0.7046494603723602 0.8068040910954536 -0.1296702904061345 -1.700447014917752 -1.5171831470838844 0.3486473852875982 -1.2302388907780748 0.9047719711752066 -0.43974387475404 -0.8924578304710461 -1.9238456708701117 
-1.1887091298421149 -1.411457402071172 0.45908903182574184 -0.3142412957217153 -1.481817655466334 0.39720513170911415 1.1653791422663597 -1.4476983061929432 -0.4336098880173601 0.0937118569983173 0.574073085268518 1.0437927844228816 -2.45349415012583 -2.044248629059244 -0.4089817218218193 -0.607304611492152 -0.32911051487294735 0.47067117938954106 1.2731101835310898 -0.5858512132290105 
-0.7724225251713376 -0.9382477649643682 -0.2947023400061636 -0.480901939527448 1.9320719861337865 -1.1320706574143873 -0.25666819439241745 -1.8202689903322797 -0.2074866814344051 -0.5013694919134583 0.7756348055425062 -1.328114135001148 1.1331720351788468 -0.8009017360253056 -0.03707571790529923 0.09368156861504155 -1.0288679593392798 2.689662006608603 0.37410454544936256 0.22921097860027248 
-2.760578216762897 -0.6636006767271074 0.27074361904552724 0.9621866967177963 1.1665535464096315 -0.004074851989100274 -0.14799809059781555 -0.5153696270851109 1.340536002983534 0.2933341020734273 -0.40920987070572407 1.5260868794303177 -0.20050889861456103 -0.4207820055466984 0.7309535300512408 -0.8210254884905328 -0.03813308801717028 0.11281475528676911 0.5407859628788478 -0.7638519022182301 
-0.11134823778822132 0.19557258887347936 0.6458760559063943 -0.29632262118981895 0.33622454027718124 -0.5809954985430236 -0.4292338302220682 -0.33422831016673143 0.10130873134803424 -0.18934820358387708 0.8044493584598279 0.30193275843378964 -0.7950245669066714 0.37500155012660075 1.091963744383767 -0.5005342441315497 -0.3330607105280072 1.6348576436121958 0.869830842198746 -0.885827405680974 
0.9857932745978487 1.6313729805403212 -0.6864751160234858 -0.8235409129087818 0.644280686852965 1.2673523348481561 0.756637355045215 0.816990579173461 -1.2394342010446913 -1.9360224152375116 2.112704559078652 -0.3185740245239632 0.39647483961806523 -1.2143548509824034 0.3487508372135238 0.44423815700867136 0.8424686149521496 2.4676171222419114 -0.41462526365115304 -2.103030862368327 
-0.677938100649506 1.1094631366238896 -0.7226000162364261 2.2919507866953506 -1.7325009227431871 -3.3751677216177125 -2.5353062704735834 1.6051096161579341 2.2411674592512636 -0.11401574071794003 -0.4586247632124251 -0.7457314944872296 0.04822322364000394 2.4411727277674347 -1.0813484615934927 0.07068284879372862 0.9404317505951806 0.4998044012925281 -0.07945966345485861 -2.529584273427313 
-0.8701605865339486 -0.9570679611456059 0.22421692004016136 0.909286687077408 -0.5067445531669381 0.4976997511972069 1.41857908173665 -1.6723770335621106 -0.3064186634731157 0.5953603366904361 1.2941148809504823 -0.6604875595082969 -0.8106937569698365 1.8399062066713685 -1.5941448287860278 -0.11422328404675963 1.0942087596438688 -0.494025971289671 -0.9349557929722138 -0.3292119956255496 
0.14664615224687047 -2.021874719681519 0.6184725430562686 -0.8020438269553816 2.9032171636840864 6.220950413259165 2.0253632847983924 -1.8595774337392628 -2.578553387221648 -1.430505684623269 2.286458485613443 -0.7556902882276423 -0.5033423206342741 -1.3332742619103997 -0.9751545107489604 1.172194666347501 -3.145742926527027 2.0748434292216036 -0.8914962335134007 1.3968958822007156 
0.26873954300793024 -2.526386626640268 0.622242739457174 -1.7952353898557565 0.6633682218407945 1.7869750367016972 0.3964553282291073 -3.0451336561477533 -2.7738310550968426 -0.6751282669620011 -0.32691553206480295 -0.08797019608965709 -2.540142360563066 -1.8534496428034521 0.3086596121369097 0.25703893364467345 2.0940204857378735 -0.9230458037341283 0.8630980331466336 2.997362697572865 
1.346434323887916 0.04131618695761635 -0.4335591448207981 -1.04713150919736 -1.8641017981230008 -0.10055803275775088 -0.5643978683035433 0.8849940019509354 0.6097707387149949 -0.5343109686432927 1.1222626253811991 -0.7131994003993563 -0.2592233085029883 -0.6206399053212293 -1.9191957162160205 0.8691791189364741 -0.16524935573998373 0.09348024869564825 0.3733173970025207 1.10141161612621 
-0.6905264706992533 0.2501431299076633 -0.2977286870330872 0.733608817142328 -0.22280019175314272 -3.2142723816469383 -1.7816275734488134 3.253168937108899 4.570843307352053 -0.046746248326763315 0.6664954493687949 -3.2261902060136523 -0.24380399087744883 1.6658341329368413 -2.592145294845953 -0.048153893294211124 -3.2085293357218307 0.5406323784113348 -1.2469464983389364 -2.544754591687286 
-0.44534806714893727 0.5625660028803314 0.7195157911178105 -1.2224273880791654 0.8933022570306017 0.2407665153367631 -2.1510687760886618 -0.10824555287537678 1.2872583716417796 -0.07715586454836328 0.194420421676727 -0.721732940424599 0.7646301727469448 -1.2271335582380583 0.1913083327725637 1.0981281763780317 0.3123786814236309 -0.08979757055284822 -1.1243249467431122 1.1051293818126435 
0.14562887613891365 0.356684212876259 0.4221801207370827 -1.1083622488086373 -0.5699106706542518 1.0972214522950037 1.104205138317009 -1.1688640573712692 -0.7334155734440895 -0.3439152546935292 -0.3194235421504682 -1.328373005952163 0.40082901716184116 -1.007583217170062 0.13938347602140996 0.06477485789638884 0.7174195088626434 0.6086447383314001 0.6655051388607333 -0.7220764755416769 
-1.3278168896040075 1.201362987851385 -0.22218347464861837 -0.1531283497046555 0.3418107395183223 -0.5549556200068182 0.769098037375691 0.2614753551216178 0.6299934592148813 -0.17504523753239581 1.864151537184484 -2.341897947831902 -1.5754576561639604 1.134002475644905 -0.6203442365699293 -1.771516973469871 -0.23085534566236243 1.9381683001402727 -0.995661290531502 0.7087787851011753 
0.33342239127645296 -0.13772056563135018 0.02158147921087263 -0.563649701591268 -0.1096791357214108 -0.4284705586216675 -1.7089653325982526 1.0132905534075858 0.4677306985870583 0.39485522091053 -0.8933713524010484 -0.19733759173794632 -0.4832343441663605 0.21376493950463119 1.659364159136845 -0.5215587372868945 1.4343757369130685 0.3512787604944357 0.40370656869311317 -1.0431393056516542 
-0.6223519710751781 -0.15370952104472643 0.045281152352896106 0.703619340713968 -0.1316076443977412 0.9353169533480357 -1.4741114464277312 0.1188921367154375 -0.48179330815321475 0.20033624943591902 -0.08263307027768486 -0.658612413600967 -0.0981253058808897 1.7554739126566499 1.026423103033699 -1.6214009892273968 0.6111939857582739 -0.39574050544711675 -0.29062470726053524 0.05885421066615615 
0.33966423580070976 0.1499430167150852 -0.9005669667476783 -0.12095827293403642 1.158985082022995 -0.6694251693674224 1.6787659127817802 0.6159302482722934 0.0744293432542953 0.3886067137371291 0.10916571090525502 -0.9364707393486005 -1.8994006646797312 0.44090887035162907 -1.2516517824169509 -1.0226217207302641 -1.2708539857817729 2.270936489834281 0.4062639962585463 1.4338709782152739 
-1.2513127668123698 0.2370691689826335 0.12556136276012803 -0.7657507326154952 1.4473718170895755 1.8270747100185745 0.21991463411432371 -0.05988617723932073 1.30210966179536 0.03628669458231085 -0.9756705869807977 -0.4396426092923147 0.5103471355124469 -1.1454067688595182 0.9836917268137626 0.046903191121544736 0.8050846076865382 0.47804945334229215 -0.3013311483307087 -0.9581713822927573 
1.070672074051894 0.5512304892232882 -0.003910308761531174 0.19305822593809177 -0.010665673749431006 -0.3987434827419504 -2.1313145338147517 -1.7888332922585748 -0.3506542493782072 0.04749814413379062 0.1709011522304468 -1.0384180969770185 0.45747094569876157 1.1215594733000203 1.285829694324906 -0.5776785324070214 0.8203265978211541 -0.7704088413042017 -0.4886963382876185 -0.9979041419406759 
-0.7165905134262385 -0.0853923172076128 0.1565298850776054 0.7257124304738819 -0.42877945124655936 0.9327288140194012 1.7052609623979755 -1.0560756284981403 -0.16641082460495144 -0.42304390189145635 1.5159721986850705 0.38561678346363354 -1.0765163897982344 1.178131156828776 0.2319093338171065 -1.4376655948046682 -1.0617272167801726 1.7003275655711578 0.03504577806372147 0.6449849168099309 
0.5522669280857743 0.6758675944222878 0.4575349062352878 0.7284150360338096 0.29042621856630885 -0.6133936456288552 0.7846441953435801 -0.8965548628278457 1.498626349907486 -0.30162862513168026 -1.4754764847011201 -1.0363097019280978 -0.5557419890225693 -1.1879944881368407 1.6858626620623012 -0.20438481521445864 1.6233551185898936 0.08589432482913943 0.22772843508839238 -0.29409001669251317 
-0.8617549949304728 -0.22926094066207814 -0.2528392659311446 1.083620655168951 0.4994206168585842 -0.14108630462696123 0.7163208124237147 -1.2033830936598593 0.8204975513507238 1.3303942641302682 0.3028285097295218 0.4636808351940663 -0.7414951111150544 0.5729031211761864 -0.2047544185785984 0.3194407270478934 0.11682851162598354 0.4671040521447249 -0.024685386786958616 -0.8646284956388407 
1.2480708293258143 0.034912400665502344 -0.4739824462107111 -0.3801157228826117 -0.4466679400932655 -0.7734350601586274 1.7705264075879608 0.8829410558114916 -1.3174418400213115 0.3728761498835322 1.67782486898404 0.09411797610043172 0.10310696194025848 0.9774182616167827 -0.09076048286947845 -0.6430315044923937 -0.07533376410242643 1.0231342090513855 0.10978953880251593 0.5546393443956615 
-0.04953436186776106 -0.24636732033079797 0.1512722739580833 0.10512893486235114 1.2457731278646538 -0.6560945724495975 -1.5792365680600553 0.7297319678407562 0.5323779327180409 -1.0562795197010175 -0.12145519653214606 -0.06316361204326261 1.128756202713942 -1.2295691033360536 0.4831118188270746 -1.1781098931756984 2.6215269442655798 -1.1708823654806073 -0.7928334073894246 -0.345081609698163 
0.426352142859885 -1.2502269777720865 0.4372857299361386 -0.5707109539308695 -0.7007332967519284 -0.8526777328594995 -1.2074584131171149 0.10201774550668231 0.7321544322855702 0.1612187141904681 0.04281375154089478 0.5774201293384426 -0.6543244210046715 -1.4399965326809694 -1.0807289915687497 -1.626366758608653 0.42513019919280454 0.013570720694602393 -0.6749007704281866 -0.3367027841756886 
1.4200254909088679 -0.5647790256894959 0.036719028888206 -0.34682209631739863 0.6788226325660409 1.6017483393387513 1.1814544130189564 1.1543837393874607 -0.8799338375905917 -0.6173104357069253 2.0808569346053636 -1.5562267391642912 -0.02468901304043574 -0.8183634981239412 -0.08035799888402412 -0.6352272945836933 -1.031611101777511 0.8218524760744087 -0.13305647065227857 1.6041899649640086 
-1.9128812314848214 -2.1936846704941995 -0.33540290088765673 0.12860823802633567 1.6844789143794436 -0.5852544290311964 -0.2874082762835458 -0.46339552669652906 0.4360741645042814 2.1123764858605045 -1.0320372788983048 0.9261284174860932 -1.1281617577250178 -0.8606316453317057 0.34284319003599817 -0.1644961694903801 0.08267707102105247 -1.0303097076122283 0.2922306665826359 -1.4855582296465593 
-0.2875484276210458 -0.01978542122024873 0.4476112359809609 0.7468048085855379 -0.3262815422509391 -0.020196663163458174 -0.6982988300275873 1.016884218991155 0.5362284892632272 -0.8500373216135778 -0.5416832582807075 -0.15190471688367158 -0.21590005333084422 0.28360848278412415 -0.35561826632877697 -1.0836521955421163 0.9466463599328977 0.1870518834420463 -0.26298365885171504 0.0900387963955648 
1.58519804999099 0.23381567507992285 -0.03775662230871604 -1.7724386831512937 0.576996849603728 -0.2798890224310593 1.02381810084502 0.329146440017716 -1.3495329380918633 -0.23348651203410667 1.2408355038898975 -1.4678627388890277 0.5274113351757003 -0.8336967764112397 0.2783599922145477 -0.0448507966448376 -0.8770555671453586 1.533882075145581 -0.0004499222943357505 0.058697890144800154 
-1.3244734250934298 0.11183019813460816 0.16795470513771169 1.8661348529004151 -2.811503622342283 -2.5831746804157394 -1.8197658672678851 0.40534155573238695 2.393055381447101 0.1594941568970173 -1.656978939038064 -0.3904062425896208 -0.08041959945303655 2.451376094989835 -1.1027891357063349 -0.4732902687461106 1.7172393850042804 0.11538136792600731 -0.0688500955904154 -2.073140711693793 
0.3995872280669898 -1.2326209277255324 0.2919146555224417 0.5717293404603084 -1.121848796572559 -0.06435088080201752 -0.43270486051198953 -0.5304849757068822 -0.6999980197704682 -0.7969757220604177 0.7946969644080484 -0.2808075838307051 -1.3634517938727344 2.1596044402650265 -0.815244061746356 -1.5209122276584934 1.150352701995825 -2.1214911699284307 0.08051837051865089 -0.455850410922995 
0.7553418100319438 -0.1854151424214107 -0.3546309926615165 0.564860168792081 2.710413472342709 4.755865407457294 1.9015114946002816 -1.2369935464836497 -3.5926439374883428 -1.1358294874742012 0.7653198874061206 -1.289297579075903 0.8140654324415718 -1.1327104782237083 -0.052051728088165966 -0.7022785073418301 -3.5242287549629667 1.644870854290294 -0.034621276721426605 2.136696691041949 
-0.3349175734061988 0.6751652434891656 0.29657421334091105 -3.7614282684549476 -3.2915207339031154 2.158353953823272 3.3388530987361706 -0.85832114598702 -4.2516311149071795 0.07839647007791703 -2.3688834605429414 0.08770561597631524 -5.026176953845349 -2.5763546112125106 0.15696488944124715 -1.5772665757249587 4.107773959118573 -2.5251490398139906 1.1310159656649053 2.576804124003014 
0.973372808626305 0.13597780078415467 0.45112347098991584 -1.895181511210369 -0.6942173842586078 -1.2501071009334528 -0.853071223242567 -0.6957760210481333 1.42906084874844 -0.9906335232077456 -2.5244650494152845 -0.976174911840084 -1.7091873477820145 -1.0214162754440448 -1.8704415274651167 0.7081724654895362 -0.8889651839923548 -2.3936222987779963 0.1360886158229685 1.173152293791966 
1.0589048269366048 1.06909910991626 0.2155360375011301 0.6532710453344203 4.7295029439128395 -4.400224914445806 -5.565168536677564 1.870144946492136 8.10962161557691 -0.44046652206985687 1.1193982527896698 -5.5810882348718005 3.366463610766964 2.27163401763399 -2.2975041977998845 2.262227207399144 -5.607573062244787 -1.0975374628598675 -0.49075815577167753 -1.7555709377391822 
-0.39584417308126757 0.8305574664630766 -0.8002645466868281 -2.4091441687282993 -2.231362221815908 1.3584841889895543 0.25857062295474587 -0.8949889706427745 -2.0418181177054566 -1.2029633402284168 -1.1098494316793703 1.087884740079985 -3.048007021680017 -0.8659899459327343 0.5853754918750971 -0.6474165483598605 1.9219885017739622 -1.3162465124514053 0.4936775549461902 2.8738594075539434 
-0.0904044606860354 0.7121698070181138 0.8783426885970433 -0.028720415215258262 -1.5713800759029508 0.7885408856835316 -0.45263288941605484 -0.9415358244967336 0.14629954672231268 -0.23892132303243477 -1.634041227171642 -0.956410087048551 -0.815404388274861 -2.1570419989910525 -0.5270785986425939 -0.1530364365961249 0.28426324760467836 -1.5330753791049636 0.5277820642410944 1.8232285157715606 
-0.3048169440864324 0.6091232971882683 -0.6095739872223219 -0.626698752718411 3.7949091568227327 -1.7494435597384943 -0.6388205052295307 -0.45803654512975817 2.039368447859782 -0.01160105804041826 0.8914079432175648 -3.2086078728661946 0.8232571186320718 1.6254906785841177 1.1668976557690334 0.5504299275994546 -3.035424400614827 -1.8332261267239536 -0.5841217480555313 -0.960647842053262 
-0.6022927790602031 0.16262157981830747 0.3029069458507894 -0.33421147374371624 -2.950375321740026 1.2699305230840108 1.2655728760079639 -0.1314933275900651 -0.7503863528996888 -0.18683120608931264 -2.4630030135922087 0.8117311210349497 -3.1130004852079813 0.24511143081123224 -0.31177597728413653 -0.5610168378497898 2.7352100495189884 -1.8206104351822747 -0.21937261729931237 0.6258426947802279 
-0.7415894847731894 0.17529145177892244 -0.09035997069477968 -0.6128421775452162 1.3272034940836952 -0.02420101551888962 -2.0181763847337013 -0.0068969349022508465 0.8785836057082412 -0.7027731594777874 -2.189706434048462 -0.3304827077486389 -0.4155990094787793 0.8485331947977888 0.3327860549981655 -0.9624811427472105 -0.7102734019163803 -1.0834117071928642 -0.21937397671150877 0.23638998863407096 
0.1640650540975698 1.2993202914756463 -0.5671472507199259 0.6006889759663593 4.550504878424907 -1.1934181073594379 -0.9266234490736422 0.3036897643387239 1.9424959397078916 1.1182339274596365 3.165640168165591 -3.195857846025953 0.15705805563734151 1.6762768034000228 1.0876798563834476 1.2293349010778551 -2.882147057793981 -2.9287907788494327 -1.0314882999571675 -0.8499826034894772 
-1.3919124912053717 0.5062458140878611 0.15969496544585463 -0.4457379145675607 -2.773562030852625 0.9861769649778405 0.8404169652460115 1.1798874926095229 -0.9098324332169725 -0.4296266951110045 -2.1235104843414865 0.3391858271111807 -3.274334724390943 -0.16578677124172425 2.176340467139273 -0.4500268915210846 0.5879886320334268 -1.4895125899620483 0.6370749609636319 0.2898336736773247 
0.5621646082882577 0.023827252618949656 0.07040041751195264 -0.09560285804260098 -0.44211722628604944 -0.1434201073003421 -1.2841537853899772 -0.02211557577977521 0.5238415904291697 -1.4086139291180553 -1.5652197333942734 -0.21062479436412632 -0.04534938418669325 -0.05632837267156435 2.217286613828874 0.6017324461134316 -0.8947227100943124 -2.234290882566966 0.6858447495720997 0.5108558396982856 
0.12110647728264273 -0.5581114126951876 -0.9519966571319999 1.020713604967545 3.3446144089672165 -1.4396222495851745 -1.5297223770516204 -0.4596546758353131 0.3999172909460357 -0.7328295032166645 2.5861769619150543 -1.6746420596680747 0.8599249571430955 2.078561066953531 1.7370159270865013 0.6647515428329392 -4.846899944999805 -3.5050789343102995 0.07266408195894121 -0.015809333547597938 
-0.40084487865352586 1.4297619494952725 -0.0037262769102059073 0.6006296493219928 -3.7202168097665265 -1.4185505844627428 -0.2250487120369161 0.9812058027457589 -0.40916417339783384 0.3801138793274472 -2.543913967833435 -0.4323360187699854 -1.9851921665507177 -1.5749413509343022 0.6931046186174464 -0.7746213038505709 2.278396780334262 -0.38771681231987115 0.9955692913906498 -1.4674235241438884 
-2.064795012767063 0.04984140867469474 0.15599161022762845 0.7071420458284712 0.5621019978399233 -0.37359978597528565 -1.725020676878379 -0.860456975487809 1.769360736026266 0.9705158129890928 -0.6656499012744117 1.4421167344442398 0.15101299793485412 -1.4305375734424841 1.0200268596918272 -0.10943566254385907 -0.837136774913134 -1.9397532319884194 -0.029328430915194836 -0.7678440867320734 
0.3862647698507634 1.020302506381015 -0.8301616052923672 -0.8230483596326833 2.966250604739378 -0.7517918391610647 -0.8224839087611002 -2.0026748593797565 -0.9238095891341265 -0.16884441120192484 2.8610005300080945 -1.4336766472188844 1.4616216217326605 -1.3955265502212175 0.6214098131369451 0.855702639547479 -4.6127378679007 -2.017959714384367 -0.9505417705320721 -1.0222077696356 
-1.0935395678726896 -0.20727729465558045 -0.2795419740873502 1.6399313552374961 -3.620660288878365 0.17970310907237924 1.4169998350006197 -0.8234761807972251 -1.5796679662409654 -0.045685688714939166 -2.7599056894573786 0.5764814709646556 -3.629247919634356 -1.7701402300975244 0.3681713419104327 -0.9122069035895746 2.5732649981879523 0.9954393924546846 0.915337792208264 0.664683674608392 
-0.8237245991620683 0.19330379026584335 -0.3408410366057821 -0.031342967608979574 -0.6821612923885261 -0.1399844329372437 0.15114056841236168 -0.8779164752190458 -0.06281580342566553 -0.3655930101863755 -0.7566698155370386 0.29594475408120746 0.2576395303392046 -1.484430664602297 1.4884849588929867 0.6999901721352297 -0.15833743422939042 -2.41601272461923 -0.6869109850493773 0.5848536865192071 
0.11725209673663546 0.6393915299792772 0.6820778748314296 -0.3394554694326226 5.926936403702253 0.33834731488448216 -0.1983753749527898 -1.4888538654793786 -1.076495580447484 -0.47593580461067947 3.4647165396935207 -1.8120123372217192 1.8387592123392755 -1.466629049028259 0.38392101860112804 -0.12195743649017958 -4.602680638377452 -2.3326219444563794 -0.4235345639728708 0.033134947138114976 
-1.1917815327295656 1.22205520843722 -0.5002747272300118 1.3926186771380618 -4.066235091947385 -1.4440153660247428 1.6003492429450343 0.1462931881117091 -1.053021920409955 0.49861764711383993 -2.85812856806874 0.20350278162720475 -3.0714225839600395 0.7879010527159888 -1.4548331259350658 -1.3239497095625903 2.157973037043228 -1.3206819205890754 0.8253804956774029 -2.320036271143202 
-1.1653592869118838 0.9337834609878105 0.33912411564516787 0.8385419260406042 -0.3331400390895424 0.1991251069000935 -1.4427533531375498 -1.0695093372151199 1.7851086982301039 -1.0183698323426897 -1.4461212324802648 0.7798482110394863 -1.2640897469135342 1.2003501012558848 -0.48708124318738366 0.8486815539371781 1.6963884390720283 -1.733207191787711 -0.07632750656935744 -1.2252237198679734 
0.5438116922681827 0.6873275186218247 0.059267097540571974 0.03058680739998647 5.251145774538083 2.73010822068746 -1.3082249761903653 -2.3289292898300675 -1.7209148741334468 -1.819595775095507 3.493260723558916 -2.519512907838612 0.9968306645243503 -0.5666883750739767 0.8829982998459904 0.7509297033801957 -3.8513635372954247 -2.256661749689695 -1.3884928784859831 0.149003205352122 
-0.826966948106916 2.884328245360502 0.34211270603885585 2.9990916584298075 -4.90907324881742 -1.6869263781082147 -1.3828996915532126 3.2908115641117486 2.29181527196871 1.219655716797267 -2.7543770588797294 0.15152778147950444 -2.828667252808497 3.0269346696751884 -0.8195375231712783 -2.4188100247822684 1.2069888600260532 -1.0461374623360211 1.6068576607803156 -3.8725266717827593 
-1.8497889647643593 1.1672182265973927 -0.4386273532981902 1.693394028646996 0.503465063057043 -0.2127857498800378 -1.109618465147776 -1.508593828032346 0.033947315822789405 1.178210463999955 0.04194696196448615 0.1069502421834505 -0.32178701357473855 2.713741055295975 -0.9394711332666196 -0.7273101104201156 -0.666017769368283 -3.1970730369112568 0.5184361801411385 -1.9742976842657036 
-1.5481725739096155 -2.662278418726477 0.23701525851818503 -0.4084082904055056 8.938653554920563 5.245896555832103 1.4860352187884365 -4.161194630270917 -3.529705225709275 -0.22523232361836876 3.273887568844826 -0.3912018192831261 0.5154437826902906 -1.4052957154635908 0.14814555554694406 2.79661646713503 -4.828237779055044 -3.881713068659551 -2.1204807997636 1.7585754725804381 

5.031834135913733 -4.685161920564912 -3.334185848660994 5.249301092528077 
2.366946187279793 -2.217870496065945 -1.466255222119623 1.9806009569835963 
3.8297407291236594 4.405401616250234 5.607772656021945 5.900069008193778 
-2.7090598151804643 -0.10546465335528205 -3.1983707399285697 2.9534233146189997 
-6.06444930108196 -0.2264929356772254 4.586707200285494 -2.4952895695881687 
-4.564302282701109 2.935770401401397 -5.667442186346223 0.5039568854675297 
2.40978006972144 3.392807145153908 -2.165323593824544 -5.5266104409487875 
2.3297648430036313 -3.460966304730678 -4.737426977716709 3.4413489682722562 
-7.913006612192307 0.7549601860049815 -2.1757157374676965 2.5325154612928156 
1.4152001857877816 8.3982486815096 2.72223691804306 -3.6088721457085486 
2.732505658640205 -3.2663260919538684 0.6591536716480138 -5.122091822254177 
-1.9680346461391622 3.8275716615646456 -1.302614518985057 1.7775563968339236 
-0.7104400326989577 -2.913743540937074 3.2446190381190947 -1.478278208415972 
4.044688724228176 -1.8106778892381195 2.5615465275078897 -1.903689540538324 
1.5541905736999295 -1.8799807699210846 3.117974210958587 -1.5602461898484565 
-0.1743795114134859 -2.101763970062927 4.2091948925128975 -0.268299238714034 
2.651838381320324 -6.57570086797426 2.228006273868003 -5.76282623079874 
-1.3629776129976825 2.4572880288864813 -2.768250622073822 4.103716497104389 
-3.195669456909344 -3.0277621074469843 -2.955135790852368 -3.632600604699289 
-2.503514542938088 3.151140080054341 -1.9317343473131272 -0.5710452579452692 

